tree
version=v4
num_class=1
num_tree_per_iteration=1
label_index=0
max_feature_idx=7
objective=poisson
feature_names=saves_r3 saves_r5 o_xg_r5 o_gf_r5 t_xgc_r5 cost o_str_att str_def
feature_infos=[0:9] [0:9] [0:4.1200000000000001] [0:5] [0:4.5949999999999998] [3.6000000000000001:5.7000000000000002] [1000:1395] [990:1380]
tree_sizes=1618 1733 1726 1726 1730 1732 1726 1722 1723 1730 1738 1736 1733 1727 1730 1719 1737 1732 1739 1734 1729 1733 1730 1734 1732 1743 1728 1732 1753 1726 1732 1742 1729 1740 1741 1740 1726 1728 1735 1741 1744 1729 1741 1738 1734

Tree=0
num_leaves=15
num_cat=0
split_feature=6 7 7 7 4 6 7 6 1 2 6 0 1 4
split_gain=50.8252 28.88 17.9568 14.3294 9.17446 6.55544 5.8072 4.8366 4.83168 4.472 4.82278 5.33264 5.90326 4.44443
threshold=1112.5000000000002 1275.0000000000002 1055.0000000000002 1337.5000000000002 1.8245000000000002 1267.5000000000002 1066.2500000000002 1045.0000000000002 3.4500000000000006 1.9430000000000003 1135.0000000000002 1.4166666666666667 2.3666666666666671 2.1410000000000005
decision_type=2 2 2 2 10 2 2 2 10 8 2 10 10 10
left_child=3 2 -2 6 9 13 -1 -8 -9 10 -4 -12 -13 -6
right_child=1 -3 4 -5 5 -7 7 8 -10 -11 11 12 -14 -15
leaf_value=1.1286331390924507 1.1349061951100232 1.124731587651951 1.1260541911561981 1.1197875781992996 1.1321101554762765 1.1360144873717188 1.123243694997303 1.125117951136037 1.127679081144501 1.1302416653341529 1.1319827941564218 1.1251504139652351 1.1290375047290968 1.1276179803386392
leaf_weight=503.56653356552124 565.73524141311646 1206.0729322433472 795.75946044921875 416.53034257888794 547.08462905883789 248.67483139038086 882.79565143585205 2847.3268194198608 864.14503908157349 1174.9885783195496 385.44598865509033 460.04843807220459 1492.0489883422852 310.84353923797607
leaf_count=81 91 194 128 67 88 40 142 458 139 189 62 74 240 50
internal_value=1.1273 1.12897 1.12982 1.12514 1.12929 1.13173 1.12557 1.12524 1.12571 1.12866 1.12807 1.12876 1.12812 1.13048
internal_weight=12701.1 7186.7 5980.63 5514.36 5414.89 1106.6 5097.83 4594.27 3711.47 4308.29 3133.3 2337.54 1952.1 857.928
internal_count=2043 1156 962 887 871 178 820 739 597 693 504 376 314 138
is_linear=0
shrinkage=1


Tree=1
num_leaves=15
num_cat=0
split_feature=6 7 7 7 2 7 6 3 1 4 6 7 3 7
split_gain=45.7649 23.8603 16.3884 11.2789 8.98999 6.31471 5.92713 5.7929 4.67213 4.16589 5.96913 4.13572 3.92343 3.88698
threshold=1112.5000000000002 1275.0000000000002 1055.0000000000002 1337.5000000000002 1.9540000000000004 1066.2500000000002 1045.0000000000002 1.5500000000000003 2.5500000000000003 1.8245000000000002 1162.5000000000002 1205.0000000000002 1.5500000000000003 1071.2500000000002
decision_type=2 2 2 2 8 2 2 10 10 10 2 2 10 2
left_child=3 2 7 5 9 -1 -7 -2 -3 10 11 -4 -11 -8
right_child=1 8 4 -5 -6 6 13 -9 -10 12 -12 -13 -14 -15
leaf_value=0.0017440176557848841 0.0041438375345795855 -0.0034167442522073607 -0.0015403402426156559 -0.0071357300077108743 0.003907841167486225 -0.0041048341570226136 -0.0046393887523159946 0.010269398263758545 0.00078058610940916402 0.0051079635814544428 0.0021436916911972558 0.0016266474068392343 0.00072597860107211662 -0.0011003585894286741
leaf_weight=466.90288782119751 263.11094856262207 830.95147228240967 1125.2342233657837 351.72120666503906 1547.4278697967529 897.82705783843994 304.14779424667358 294.43368053436279 334.86104106903076 424.38281488418579 1425.9516758918762 553.73309135437012 324.51037216186523 3420.2589592933655
leaf_count=75 42 134 181 57 248 145 49 47 54 68 229 89 52 551
internal_value=0.000131741 0.00171391 0.00248182 -0.00194004 0.00197634 -0.00158096 -0.00191682 0.00737868 -0.00221113 0.00120079 0.000716375 -0.000495849 0.00320916 -0.00138937
internal_weight=12565.5 7124.6 5958.78 5440.86 5401.24 5089.14 4622.23 557.545 1165.81 3853.81 3104.92 1678.97 748.893 3724.41
internal_count=2021 1144 956 877 867 820 745 89 188 619 499 270 120 600
is_linear=0
shrinkage=0.03


Tree=2
num_leaves=15
num_cat=0
split_feature=6 5 7 7 1 2 0 3 7 7 6 0 7 1
split_gain=49.4427 24.2529 13.9264 12.2398 11.4235 9.42951 4.76426 6.3227 4.6413 7.71589 4.44302 3.73328 3.6919 3.64066
threshold=1112.5000000000002 4.6500000000000012 1337.5000000000002 1055.0000000000002 1.7750000000000001 1.9540000000000004 3.1666666666666674 1.5500000000000003 1095.0000000000002 1155.0000000000002 1045.0000000000002 3.4166666666666674 1112.5000000000002 3.4500000000000006
decision_type=2 2 2 2 8 10 10 10 2 2 2 8 2 8
left_child=2 3 10 11 -3 13 -6 -8 -7 -10 12 -2 -1 -5
right_child=1 4 -4 5 6 8 7 -9 9 -11 -12 -13 -14 -15
leaf_value=-0.00084913798922945228 0.010051812511863033 -0.0042939653276275244 -0.0076291360569995526 0.00085086620528716187 -0.00051358615300213615 0.0016879364982946288 -0.0010943426616210627 0.0041256377456852554 0.010199371106142477 0.0036561319356416722 -0.0013399382616867592 0.0049245497338374017 -0.0048896410843233106 0.0032555097744281702
leaf_weight=296.83051300048828 252.51137447357178 557.35820436477661 392.1070556640625 1843.9938898086548 1637.2389001846313 256.85093641281128 330.35778474807739 567.72791862487793 282.10621738433838 381.5952353477478 4155.596444606781 258.80193424224854 647.4873161315918 818.04349946975708
leaf_count=48 40 90 64 296 263 41 53 91 45 61 670 41 105 131
internal_value=-3.78826e-05 0.00159984 -0.00218093 0.00311459 -0.000405287 0.00249489 0.000449588 0.00220549 0.00511217 0.00643733 -0.00176204 0.00745664 -0.00361958 0.00158981
internal_weight=12678.6 7186.59 5492.02 4093.9 3092.68 3582.59 2535.32 898.086 920.552 663.701 5099.91 511.313 944.318 2662.04
internal_count=2039 1152 887 655 497 574 407 144 147 106 823 81 153 427
is_linear=0
shrinkage=0.03


Tree=3
num_leaves=15
num_cat=0
split_feature=6 7 7 7 2 1 7 1 5 1 2 7 6 7
split_gain=48.4251 24.009 13.402 11.977 8.51822 5.79532 4.51249 4.12644 4.05594 4.07922 4.44755 4.34969 3.57225 3.43449
threshold=1112.5000000000002 1275.0000000000002 1068.7500000000002 1337.5000000000002 1.9540000000000004 2.5500000000000003 1055.0000000000002 3.9000000000000004 4.2500000000000009 2.9000000000000004 1.6226666666666667 1196.2500000000002 1091.2500000000002 1188.7500000000002
decision_type=2 2 2 2 8 10 2 8 2 8 10 2 2 2
left_child=3 2 7 6 8 -3 -1 -2 -4 10 11 -10 13 -8
right_child=1 5 4 -5 -6 -7 12 -9 9 -11 -12 -13 -14 -15
leaf_value=0.001860020790094046 0.0075316060000808855 -0.0035355113996772061 0.0036692698934249349 -0.0072576288983411934 0.0037073099615630109 0.0010801154148661 -0.0016904966552263754 0.0033162609884344373 -0.00047433285229506417 0.0017917208188395362 -0.002711812224570381 0.0036123781129932986 -0.00070983229854351313 -0.0036575563983216402
leaf_weight=298.96918106079102 524.31732892990112 863.40069150924683 462.11445283889771 376.96679496765137 1533.4695258140564 341.72683143615723 1978.4868955612183 347.53829574584961 846.55123853683472 1511.7488698959351 504.6879825592041 324.15020942687988 1473.8090176582336 1339.8573098182678
leaf_count=48 83 140 74 62 244 55 320 55 136 242 81 52 238 217
internal_value=3.43285e-05 0.0016403 0.00241001 -0.00209784 0.0018311 -0.0022267 -0.00171579 0.00585129 0.00104269 0.000661854 -0.000357656 0.000657218 -0.00193888 -0.00248474
internal_weight=12727.8 7259.71 6054.58 5468.09 5182.72 1205.13 5091.12 871.856 3649.25 3187.14 1675.39 1170.7 4792.15 3318.34
internal_count=2047 1162 967 885 829 195 823 138 585 511 269 188 775 537
is_linear=0
shrinkage=0.03


Tree=4
num_leaves=15
num_cat=0
split_feature=7 7 2 3 0 2 5 5 0 2 7 4 7 4
split_gain=32.4387 25.6827 25.8684 6.41411 6.00104 5.46122 3.97708 3.8941 2.97241 2.7242 3.42655 2.70035 2.4147 2.31229
threshold=1055.0000000000002 1320.0000000000002 1.9430000000000003 1.5500000000000003 3.1666666666666674 0.97200000000000009 4.7500000000000009 5.4500000000000011 1.4166666666666667 2.276333333333334 1155.0000000000002 1.8395800000000002 1191.2500000000002 1.4610000000000003
decision_type=2 2 10 10 8 8 2 2 10 10 2 10 2 10
left_child=3 2 4 -1 8 -3 9 -7 13 10 -4 -10 -8 -2
right_child=1 5 6 -5 -6 7 12 -9 11 -11 -12 -13 -14 -15
leaf_value=0.0032823837724377325 0.00077477994443427717 -0.0082575662965607907 0.0076771867658289895 0.008483735551706657 0.00031017945901076923 -0.0052560072589755242 0.003351130455209982 -0.0014507163055571168 -0.0020297708755409182 0.0027145422476634118 0.003110542679477146 0.00023930202855071552 -0.00031816604432341488 -0.0017463099479997832
leaf_weight=504.95207977294922 918.81626558303833 280.12077379226685 358.80802869796753 369.52615451812744 3394.9821004867554 525.84894275665283 320.57096338272095 448.43239259719849 3443.4822278022766 447.98742914199829 251.55344104766846 547.00905179977417 325.11641454696655 508.69693040847778
leaf_count=80 148 46 57 58 546 86 51 73 556 71 40 88 52 82
internal_value=-9.4346e-05 -0.000508477 -2.45287e-05 0.00548031 -0.00067877 -0.00456594 0.00335909 -0.00350455 -0.00129846 0.00449113 0.0057951 -0.00171873 0.00150357 -0.000123615
internal_weight=12645.9 11771.4 10517 874.478 8812.99 1254.4 1704.04 974.281 5418 1058.35 610.361 3990.49 645.687 1427.51
internal_count=2034 1896 1691 138 1420 205 271 159 874 168 97 644 103 230
is_linear=0
shrinkage=0.03


Tree=5
num_leaves=15
num_cat=0
split_feature=6 7 7 7 2 3 7 6 0 7 6 4 7 3
split_gain=45.7859 21.7804 14.1936 11.7914 8.26325 6.45748 6.11123 5.94044 5.77164 4.64514 6.68028 5.14627 4.63229 4.06753
threshold=1112.5000000000002 1267.5000000000002 1055.0000000000002 1337.5000000000002 1.9540000000000004 1.5500000000000003 1066.2500000000002 1045.0000000000002 3.1666666666666674 1205.0000000000002 1167.5000000000002 1.2150000000000001 1071.2500000000002 1.7083333333333337
decision_type=2 2 2 2 10 10 2 2 10 2 2 8 2 8
left_child=3 2 5 6 9 -2 -1 -8 -3 10 -4 -11 -9 -12
right_child=1 8 4 -5 -6 -7 7 12 -10 11 13 -13 -14 -15
leaf_value=0.0015051801699716336 0.0035065479096255112 -0.00277572290211993 -0.00054289529895919914 -0.0070109295425119927 0.0039875138125545695 0.009974087295548436 -0.0041147272107648694 -0.0051503195581810097 0.0022972961687718631 0.00020333701293667958 0.003918326842686469 0.0050458897467416993 -0.0010716515829692641 0.00076851646081281685
leaf_weight=524.91231870651245 255.92114019393921 1056.7705903053284 1651.0313510894775 384.19455432891846 1393.1637954711914 303.96057653427124 887.52193927764893 270.84591674804688 249.49322891235352 311.90201902389526 688.77968740463257 538.52270603179932 3354.5718274116516 794.71083879470825
leaf_count=84 40 172 265 64 220 47 145 44 40 50 110 86 543 127
internal_value=0.000139978 0.00170042 0.00247195 -0.00194489 0.00199871 0.00701778 -0.00155854 -0.00191489 -0.00180679 0.00130341 0.000769902 0.00326983 -0.00137636 0.00223096
internal_weight=12666.3 7244.26 5937.99 5422.05 5378.11 559.882 5037.85 4512.94 1306.26 3984.95 3134.52 850.425 3625.42 1483.49
internal_count=2037 1157 945 880 858 87 816 732 212 638 502 136 587 237
is_linear=0
shrinkage=0.03


Tree=6
num_leaves=15
num_cat=0
split_feature=6 7 7 7 6 4 1 0 7 7 0 6 7 4
split_gain=49.1031 19.5947 13.2649 12.4869 10.8367 6.90253 5.48401 5.36366 5.21122 4.92068 4.61522 4.37741 4.22221 3.66227
threshold=1112.5000000000002 1292.5000000000002 1055.0000000000002 1337.5000000000002 1267.5000000000002 1.6730000000000003 2.1000000000000005 3.1666666666666674 1155.0000000000002 1066.2500000000002 3.4166666666666674 1045.0000000000002 1071.2500000000002 0.7290000000000002
decision_type=2 2 2 2 2 10 10 8 2 2 8 2 2 8
left_child=3 2 10 9 7 8 -3 -4 -6 -1 -2 -11 -13 -9
right_child=1 6 4 -5 5 -7 -8 13 -10 11 -12 12 -14 -15
leaf_value=0.0011018028760841265 0.009311729065667327 -0.0040407058404407304 0.0003317388956962717 -0.0073489706385607961 0.0051956509324506527 0.0075765668191786328 0.00073305372765130705 0.0058212493343902565 0.00031488788963107624 -0.0038810561999733971 0.003913344175421201 -0.0049085773869016703 -0.0012641866003532309 0.0018935071531291194
leaf_weight=500.64495658874512 286.25377035140991 616.20065069198608 2769.6614665985107 381.52826881408691 391.17692041397095 400.46051073074341 333.96003293991089 250.49703168869019 396.38593196868896 920.43727111816406 283.87791347503662 312.34414672851562 3406.3471894264221 1452.5581383705139
leaf_count=80 44 101 443 64 62 63 54 40 63 151 44 51 552 231
internal_value=1.46607e-05 0.0016502 0.00226216 -0.00211253 0.00182287 0.00436974 -0.00236284 0.00114638 0.00273913 -0.00172383 0.00662378 -0.00202876 -0.00157029 0.00247123
internal_weight=12702.3 7181.03 6230.87 5521.3 5660.74 1188.02 950.161 4472.72 787.563 5139.77 570.132 4639.13 3718.69 1703.06
internal_count=2043 1145 990 898 902 188 155 714 125 834 88 754 603 271
is_linear=0
shrinkage=0.03


Tree=7
num_leaves=15
num_cat=0
split_feature=6 4 5 2 5 6 6 4 6 6 3 2 0 1
split_gain=39.5621 20.9517 10.6325 9.08113 8.2312 6.62387 4.61046 4.37897 4.36619 3.96177 4.21632 5.23509 4.19876 3.91479
threshold=1112.5000000000002 1.58538 5.2500000000000009 1.3500000000000003 5.1500000000000012 1135.0000000000002 1146.2500000000002 1.192666666666667 1142.5000000000002 1162.5000000000002 1.9000000000000001 2.1190000000000002 3.1666666666666674 4.1000000000000005
decision_type=2 8 2 10 2 2 2 10 2 2 10 10 10 10
left_child=2 4 13 8 5 7 -7 -2 -3 -8 12 -12 -11 -1
right_child=1 3 -4 -5 -6 6 9 -9 -10 10 11 -13 -14 -15
leaf_value=-0.0016992413040396908 -0.0039115607520759862 0.0040201934753077914 -0.0050212408072704542 0.0047519059642182485 -0.0023025425759219055 0.0047338001794399627 -0.00070550921971206386 0.00041914514455454775 -0.00078287847439310898 0.0020541404914203869 -0.0011625939136026475 0.0038945016190533336 0.0066173539053065097 0.00083618959466132841
leaf_weight=3932.3193101882935 365.92031335830688 258.48736524581909 838.36908292770386 1856.5390939712524 905.11988544464111 363.70380353927612 750.4201397895813 493.57876920700073 499.47995376586914 645.95293140411377 596.28836917877197 266.60194683074951 252.38307809829712 636.8475923538208
leaf_count=640 59 41 138 292 147 58 120 79 79 103 95 42 40 103
internal_value=2.66098e-05 0.0014744 -0.00191568 0.00362219 0.000264179 0.00088621 0.00157696 -0.0014246 0.000855099 0.00111982 0.00189756 0.000399866 0.00333615 -0.00134585
internal_weight=12662 7254.48 5407.54 2614.51 4639.97 3734.85 2875.35 859.499 757.967 2511.65 1761.23 862.89 898.336 4569.17
internal_count=2036 1155 881 412 743 596 458 138 120 400 280 137 143 743
is_linear=0
shrinkage=0.03


Tree=8
num_leaves=15
num_cat=0
split_feature=6 7 7 7 2 3 0 7 6 0 5 7 7 7
split_gain=42.4635 19.4034 12.457 12.0918 8.65678 5.94618 4.94868 4.83315 4.61586 4.19808 3.84366 6.70947 6.7364 3.93666
threshold=1112.5000000000002 1275.0000000000002 1337.5000000000002 1055.0000000000002 1.9474200000000004 1.5500000000000003 3.4166666666666674 1066.2500000000002 1083.7500000000002 1.8333333333333337 4.5500000000000007 1095.0000000000002 1155.0000000000002 1191.2500000000002
decision_type=2 2 2 2 8 10 10 2 2 8 2 2 2 2
left_child=2 3 7 5 6 -2 -5 -1 -9 -3 11 -6 -13 -12
right_child=1 9 -4 4 10 -7 -8 8 -10 -11 13 12 -14 -15
leaf_value=0.0011755454300790469 0.0031008198058309925 -0.0039501499164100338 -0.0071813809456360601 0.0003426608443488299 0.0012983996986718857 0.0090447061417278877 0.0026666730215315023 -0.0027226507871020568 -0.00080095787690741933 -0.00030918072380869369 0.0036590161428676732 0.010164863615944901 0.0039111300789390763 -0.0010365547022366957
leaf_weight=531.94453287124634 285.02566814422607 534.37301540374756 377.12972164154053 2746.0233569145203 313.04105138778687 323.27768135070801 1178.5314478874207 2469.0124235153198 2066.4555850028992 610.76013898849487 439.73631572723389 277.70659160614014 350.90164661407471 253.22840404510498
leaf_count=85 44 88 64 439 49 49 187 404 336 99 69 43 55 40
internal_value=8.46302e-05 0.0015781 -0.00192126 0.00224399 0.00180458 0.00625965 0.00104055 -0.00152979 -0.00184709 -0.00200823 0.00363893 0.00488688 0.0066739 0.00194313
internal_weight=12757.1 7312.61 5444.54 6167.47 5559.17 608.303 3924.55 5067.41 4535.47 1145.13 1634.61 941.649 628.608 692.965
internal_count=2051 1162 889 975 882 93 626 825 740 187 256 147 98 109
is_linear=0
shrinkage=0.03


Tree=9
num_leaves=15
num_cat=0
split_feature=6 4 5 5 2 1 3 6 6 1 2 1 1 2
split_gain=44.4411 16.7993 9.05828 7.26203 6.00785 5.42893 5.40416 4.66251 4.33475 3.77095 3.09982 3.06073 8.19545 2.78561
threshold=1112.5000000000002 1.8245000000000002 5.2500000000000009 5.1500000000000012 1.3890000000000005 2.6333333333333337 1.2250000000000003 1077.5000000000002 1127.5000000000002 4.1000000000000005 1.2601900000000004 2.2250000000000005 3.4500000000000006 1.3110000000000002
decision_type=2 10 2 2 10 8 8 2 2 10 10 8 10 8
left_child=2 3 9 6 -3 -5 8 -4 -2 -1 -11 -6 -13 -8
right_child=1 4 7 5 11 -7 13 -9 -10 10 -12 12 -14 -15
leaf_value=-0.0019283936815624484 -0.0035029993807433055 0.0011401259334695971 -0.0076405304912475092 -0.0031340667460077634 0.0081365666526744228 0.0017230749818487724 0.0033574988597185533 -0.0030593959591947435 0.00055110826447851496 -0.0011454992630389189 0.0030707552652896324 0.00097498046507680256 0.0067480322923432123 0.0013587717961542486
leaf_weight=3918.525074005127 310.67457866668701 426.49546766281128 347.24957036972046 670.71917867660522 264.39032602310181 299.6275577545166 841.4106388092041 471.35690927505493 1005.9120078086853 394.8499436378479 260.4584903717041 364.78094482421875 562.7011890411377 2469.1918635368347
leaf_count=640 50 67 58 110 41 48 134 78 160 64 42 57 87 391
internal_value=-3.59719e-05 0.00150371 -0.0020963 0.000725387 0.00419575 -0.00163426 0.00122022 -0.00500269 -0.000405538 -0.00157613 0.000530291 0.00528916 0.00447748 0.00186676
internal_weight=12608.3 7215.9 5392.44 5597.54 1618.37 970.347 4627.19 818.606 1316.59 4573.83 655.308 1191.87 927.482 3310.6
internal_count=2027 1145 882 893 252 158 735 136 210 746 106 185 144 525
is_linear=0
shrinkage=0.03


Tree=10
num_leaves=15
num_cat=0
split_feature=7 7 2 3 1 2 3 5 3 0 2 5 4 1
split_gain=29.8557 19.2031 18.6991 6.59481 5.42653 5.7094 5.05143 4.45081 3.71993 3.70993 3.45277 3.4294 3.31036 2.87319
threshold=1292.5000000000002 1055.0000000000002 1.9430000000000003 0.90000000000000013 3.9000000000000004 1.4245000000000001 1.5500000000000003 4.2500000000000009 1.5500000000000003 1.5833333333333337 1.7310000000000001 4.2500000000000009 0.22931000000000004 1.9000000000000001
decision_type=2 2 10 8 8 10 8 2 10 8 10 2 10 10
left_child=1 6 4 -2 8 -6 -1 -4 11 -5 -11 13 -10 -3
right_child=3 2 7 9 5 -7 -8 -9 12 10 -12 -13 -14 -15
leaf_value=0.0026555099842014854 -0.0080086114719728763 0.0032297234792695267 0.0064543735634527413 -0.0047285927715645477 0.00010501971568762661 0.0041827134866338697 0.0071929237974835353 0.0023141512171144961 0.0023513218473136172 -0.0029614458205912617 0.0013011325866894286 -0.0017012357074644856 -0.00043602501099206689 -0.0011243053263166988
leaf_weight=480.25789737701416 278.70729923248291 248.24459934234619 278.19495677947998 598.88092041015625 1313.7741260528564 404.082275390625 408.77331733703613 1460.6334600448608 473.07416772842407 532.83676242828369 251.87219381332397 3662.3837275505066 2024.6814618110657 302.76070404052734
leaf_count=75 47 40 43 100 211 64 62 229 76 88 41 594 326 49
internal_value=-4.9878e-05 0.000513687 0.000143999 -0.00379846 -0.00044033 0.00106419 0.0047418 0.00297654 -0.000825444 -0.00295038 -0.00159326 -0.00136926 9.18976e-05 0.000837317
internal_weight=12719.2 11056.9 10167.8 1662.3 8429 1717.86 889.031 1738.83 6711.14 1383.59 784.709 4213.39 2497.76 551.005
internal_count=2045 1769 1632 276 1360 275 137 272 1085 229 129 683 402 89
is_linear=0
shrinkage=0.03


Tree=11
num_leaves=15
num_cat=0
split_feature=6 7 7 7 2 7 3 1 7 7 6 7 6 4
split_gain=38.2608 19.2402 12.9798 12.4316 8.67175 5.24465 5.0966 4.92489 4.91428 5.3069 4.32518 4.14834 5.34846 4.47077
threshold=1112.5000000000002 1267.5000000000002 1055.0000000000002 1337.5000000000002 1.9540000000000004 1066.2500000000002 1.5500000000000003 2.5500000000000003 1071.2500000000002 1183.7500000000002 1088.7500000000002 1205.0000000000002 1167.5000000000002 1.8968100000000001
decision_type=2 2 2 2 10 2 10 10 2 2 2 2 2 10
left_child=3 2 6 5 11 -1 -2 -3 -7 -10 -11 12 13 -4
right_child=1 7 4 -5 -6 8 -8 -9 9 10 -12 -13 -14 -15
leaf_value=0.0012403784581796881 0.0034645516688700307 -0.0033121965357998987 -0.0016053983152239674 -0.0073860704586825709 0.0036300415400062781 -0.0057129302020641204 0.009069357759462238 0.00066232946253024145 -0.00066535268962728683 -0.0038191303457432335 -0.00088344027809476519 0.0028025799701120076 0.0016643677290134667 0.002309677401805849
leaf_weight=520.5126051902771 287.54864168167114 851.93707895278931 1290.9864935874939 359.44938087463379 1400.6130909919739 290.70309209823608 296.65893268585205 418.38345575332642 2204.8584141731262 1302.5312733650208 691.44554138183594 806.77332448959351 1528.8076200485229 329.51252460479736
leaf_count=83 44 141 207 62 217 48 44 67 360 215 113 128 242 52
internal_value=-7.9649e-05 0.00134796 0.00206452 -0.00199692 0.00160143 -0.00161027 0.00631066 -0.00200318 -0.00194077 -0.00167961 -0.00280113 0.000883214 0.000391521 -0.000809306
internal_weight=12580.7 7211.22 5940.9 5369.5 5356.69 5010.05 584.208 1270.32 4489.54 4198.84 1993.98 3956.08 3149.31 1620.5
internal_count=2023 1142 934 881 846 819 88 208 736 688 328 629 501 259
is_linear=0
shrinkage=0.03


Tree=12
num_leaves=15
num_cat=0
split_feature=6 7 7 7 2 4 6 7 7 1 7 4 1 2
split_gain=37.743 19.5196 11.4359 8.99819 8.63388 4.36835 4.2632 3.68568 4.54969 3.38212 3.08077 4.6619 3.68192 3.33073
threshold=1112.5000000000002 1267.5000000000002 1337.5000000000002 1068.7500000000002 1.9540000000000004 1.5045000000000002 1021.2500000000001 1095.0000000000002 1155.0000000000002 4.1000000000000005 1205.0000000000002 1.2150000000000001 2.9000000000000004 1.2140000000000002
decision_type=2 2 2 2 10 8 2 2 2 10 2 8 10 8
left_child=2 3 6 -2 10 -3 -1 -6 -9 -8 12 -12 13 -5
right_child=1 5 -4 4 7 -7 9 8 -10 -11 11 -13 -14 -15
leaf_value=-0.0045589032529746477 0.0048510265942543519 -0.0029225447696546083 -0.0072047118216119642 0.0013725207840682321 0.00062444686605076774 0.0015184419559306911 -0.0016749432501987657 0.0067214050861029214 0.0027390529988695345 0.00065226789042278736 -0.00051652648790966418 0.0041156954274961001 0.0016287382874969824 -0.0014760074779087073
leaf_weight=403.3406286239624 891.70942449569702 1007.0969166755676 350.97536563873291 551.31874227523804 284.11276245117188 248.5379958152771 3925.0932302474976 457.93128299713135 591.95041990280151 655.95585060119629 306.65391874313354 539.62355422973633 1225.3198347091675 1119.8407173156738
leaf_count=67 136 166 61 88 44 40 643 70 92 106 49 85 194 179
internal_value=-5.69537e-05 0.00135638 -0.00197061 0.00207164 0.00158345 -0.0020435 -0.00160205 0.00365574 0.00447605 -0.00134171 0.000844848 0.00243718 0.000379609 -0.000536272
internal_weight=12559.5 7224.1 5335.37 5968.46 5076.75 1255.63 4984.39 1333.99 1049.88 4581.05 3742.76 846.277 2896.48 1671.16
internal_count=2020 1143 877 937 801 206 816 206 162 749 595 134 461 267
is_linear=0
shrinkage=0.03


Tree=13
num_leaves=15
num_cat=0
split_feature=6 7 7 7 2 6 1 0 0 2 0 5 7 6
split_gain=37.1955 17.7798 9.36502 8.21892 8.62637 4.95996 4.85564 4.42572 3.93951 3.41241 3.18412 3.04465 4.00592 6.62893
threshold=1112.5000000000002 1275.0000000000002 1320.0000000000002 1055.0000000000002 1.9540000000000004 1045.0000000000002 2.5500000000000003 3.1666666666666674 1.4166666666666667 2.0480000000000005 3.4166666666666674 4.9500000000000011 1095.0000000000002 1277.5000000000002
decision_type=2 2 2 2 8 2 10 8 10 8 8 2 2 2
left_child=2 3 5 10 7 -1 -3 8 -5 -6 -2 12 -11 -14
right_child=1 6 -4 4 9 -7 -8 -9 -10 11 -12 -13 13 -15
leaf_value=-0.0036015745748337411 0.0077254658750492483 -0.0033694590415524485 -0.0060057571166549136 0.0020162627596227718 0.0065784909682087287 -0.0011270301586948778 0.00081962369764001196 0.0021274130480592106 -0.00071977455321849105 0.00096361324248739463 0.0031907229858828571 0.00042175346267556043 0.002428120587397498 0.0082318040507257089
leaf_weight=897.66411399841309 277.15126323699951 804.12210130691528 475.71909141540527 654.49430084228516 259.82431411743164 3880.025251865387 360.75167417526245 1480.1786327362061 1713.9490251541138 342.3454384803772 280.29195880889893 352.49623584747314 415.56811332702637 308.69851112365723
leaf_count=149 41 134 82 104 40 634 58 233 274 53 42 55 64 47
internal_value=-6.945e-05 0.00132342 -0.00199165 0.00197344 0.00162331 -0.00159196 -0.00207214 0.000840542 3.63005e-05 0.00341765 0.00544532 0.00283893 0.00363776 0.00490178
internal_weight=12503.3 7249.87 5253.41 6085 5527.55 4777.69 1164.87 3848.62 2368.44 1678.93 557.443 1419.11 1066.61 724.267
internal_count=2010 1145 865 953 870 783 192 611 378 259 83 219 164 111
is_linear=0
shrinkage=0.03


Tree=14
num_leaves=15
num_cat=0
split_feature=6 7 7 6 7 4 6 1 7 6 2 6 2 4
split_gain=36.4696 17.5323 12.0122 9.61289 8.92028 7.62621 5.90403 4.33194 4.08493 4.3383 3.97089 4.22541 3.71283 3.19946
threshold=1112.5000000000002 1068.7500000000002 1292.5000000000002 1277.5000000000002 1337.5000000000002 1.6730000000000003 1146.2500000000002 2.5500000000000003 1183.7500000000002 1088.7500000000002 1.9430000000000003 1152.5000000000002 2.2120000000000002 1.2810000000000004
decision_type=2 2 2 2 2 10 2 8 2 2 8 2 10 8
left_child=4 6 3 10 8 -5 -2 -4 -1 -10 -3 12 -12 -11
right_child=1 2 7 5 -6 -7 -8 -9 9 13 11 -13 -14 -15
leaf_value=-0.00083906072565796371 0.0088125343799068875 0.0003060893806816301 -0.0034195154349743319 0.0021959102533837772 -0.0064299357745157461 0.0076650703695386726 0.00363056830618635 0.001137544623625476 -0.0036979448817658109 0.0015397114594652077 0.0060986166922107603 0.00022239100789537254 0.0013731615019003033 -0.0025002997248975709
leaf_weight=3034.4634919166565 293.54586887359619 3486.6630883216858 716.14991664886475 698.51238203048706 357.83357572555542 341.71549081802368 607.18494176864624 254.44175863265991 1213.4346451759338 310.27048873901367 342.91958713531494 458.33484411239624 265.5076003074646 408.96135282516479
leaf_count=496 44 555 120 109 63 52 92 41 202 51 53 71 41 67
internal_value=4.15269e-05 0.00139452 0.000855967 0.00139054 -0.00185522 0.00399253 0.00531936 -0.00222488 -0.00152565 -0.00260366 0.000796122 0.00239777 0.00403651 -0.000757473
internal_weight=12789.9 7464.98 6564.24 5593.65 5324.96 1040.23 900.731 970.592 4967.13 1932.67 4553.43 1066.76 608.427 719.232
internal_count=2057 1178 1042 881 879 161 136 161 816 320 720 165 94 118
is_linear=0
shrinkage=0.03


Tree=15
num_leaves=15
num_cat=0
split_feature=7 7 2 0 1 5 5 3 0 4 7 1 5 1
split_gain=26.5269 18.6794 12.3166 6.41495 6.13049 5.2701 4.71726 4.10714 3.18082 2.93916 4.18979 2.79475 2.862 2.69804
threshold=1337.5000000000002 1055.0000000000002 1.8489100000000003 3.1666666666666674 3.4500000000000006 4.9500000000000011 5.3500000000000005 1.5500000000000003 1.8333333333333337 1.845 1122.5000000000002 1.5500000000000003 4.5500000000000007 1.2916666666666667
decision_type=2 2 8 8 10 2 2 8 10 10 2 10 2 8
left_child=1 7 3 6 5 13 8 -1 11 -10 -11 12 -3 -4
right_child=-2 2 4 -5 -6 -7 -8 -9 9 10 -12 -13 -14 -15
leaf_value=0.0026250820130437674 -0.0051847453146367951 0.00014553280259938298 0.0048838550338364869 0.00063875412604901525 0.0045139947339168061 -0.0012264577299774182 -0.0038508696835640706 0.0065729772355913162 -0.001798749756359739 0.003493305359027493 -0.0019274143472318161 0.0016962437985180131 -0.0035166199392372612 0.0014792730041319738
leaf_weight=505.06084680557251 803.06285715103149 771.78283023834229 259.3343391418457 3021.9524645805359 618.18853378295898 610.04594707489014 505.1287088394165 447.1243691444397 2553.6672139167786 247.9491925239563 265.99549198150635 696.0429801940918 255.69067430496216 1089.9543828964233
leaf_count=78 138 125 40 486 95 98 84 66 416 40 43 113 42 170
internal_value=9.17925e-05 0.000449441 9.73021e-05 -0.000464165 0.00190927 0.00108746 -0.00109347 0.00447892 -0.000802758 -0.00138216 0.000687776 0.000228493 -0.000765808 0.00213364
internal_weight=12651 11847.9 10895.7 8318.21 2577.52 1959.33 5296.26 952.185 4791.13 3067.61 513.945 1723.52 1027.47 1349.29
internal_count=2034 1896 1752 1349 403 308 863 144 779 499 83 280 167 210
is_linear=0
shrinkage=0.03


Tree=16
num_leaves=15
num_cat=0
split_feature=7 7 2 1 2 7 4 2 3 0 2 4 3 5
split_gain=24.0634 15.61 12.9511 7.59108 4.54982 3.65768 3.37329 5.32663 4.97576 3.67735 3.35418 3.32728 3.16226 2.8175
threshold=1267.5000000000002 1055.0000000000002 1.9430000000000003 3.4500000000000006 1.0190000000000003 1337.5000000000002 1.845 1.3830000000000002 1.5500000000000003 0.41666666666666669 1.1390000000000005 1.2810000000000004 1.5500000000000003 4.5500000000000007
decision_type=2 2 10 10 8 2 10 10 10 8 10 10 8 2
left_child=1 12 6 4 -2 -6 9 -8 -9 -3 -11 -4 -1 -12
right_child=3 2 11 -5 5 -7 7 8 -10 10 13 -13 -14 -15
leaf_value=0.0026178428423062859 -0.0060252509599408779 0.0021137077106336295 0.00028341286212606496 0.0020510624083780482 -0.0015315822975786903 -0.0045953959833448218 -0.00066024177723561733 0.0060385502120867962 0.00068432806664529768 -9.1309646212180042e-05 -0.0024407648083008579 0.0033775368916561092 0.0061730768914946771 -0.00062073564780510705
leaf_weight=474.43957901000977 490.28955316543579 416.19475317001343 418.94550848007202 247.80776405334473 924.73600292205811 564.92989587783813 777.53411960601807 279.42154407501221 354.25747585296631 3018.9954752922058 1481.1194281578064 1234.4668383598328 428.55848836898804 1584.3860507011414
leaf_count=73 84 67 65 40 153 97 126 44 56 490 239 189 63 256
internal_value=-6.77878e-05 0.000534718 0.000178777 -0.00289898 -0.00351852 -0.00269348 -0.000325854 0.00100365 0.00304528 -0.000614472 -0.000801087 0.00259354 0.00430514 -0.00150009
internal_weight=12696.1 10468.3 9565.32 2227.76 1979.96 1489.67 7911.91 1411.21 633.679 6500.7 6084.5 1653.41 902.998 3065.51
internal_count=2042 1668 1532 374 334 250 1278 226 100 1052 985 254 136 495
is_linear=0
shrinkage=0.03


Tree=17
num_leaves=15
num_cat=0
split_feature=6 7 7 7 6 7 6 0 7 1 2 0 1 6
split_gain=32.9914 18.9212 10.9409 8.53984 6.28171 5.932 4.44172 3.79051 3.96478 4.10852 3.84352 3.45235 3.28717 2.83206
threshold=1112.5000000000002 1275.0000000000002 1068.7500000000002 1183.7500000000002 1277.5000000000002 1155.0000000000002 1091.2500000000002 3.1666666666666674 1205.0000000000002 2.2250000000000005 1.9630000000000003 3.1666666666666674 2.1000000000000005 1135.0000000000002
decision_type=2 2 2 2 2 2 2 8 2 10 10 8 8 2
left_child=3 2 11 -1 7 -6 -5 8 10 -10 13 -2 -3 -4
right_child=1 12 4 6 5 -7 -8 -9 9 -11 -12 -13 -14 -15
leaf_value=-0.00083993162261314846 0.0069548500351273674 -0.0038404503978852686 -0.0031343878421653312 -0.0041545736893910737 0.0057082255476370225 0.0011426993987429641 -0.0013082095654090055 0.0020049652343910695 0.004890546108538972 -0.00018342587407711006 0.0019534295985849195 0.0032638294915740252 -0.00058378527829304374 -0.00035665810050430013
leaf_weight=3077.3329296112061 409.10821104049683 607.7538104057312 471.8115439414978 1569.3961420059204 519.75696039199829 504.97939252853394 719.68124628067017 1560.1219959259033 285.01970911026001 289.51756286621094 450.4186749458313 515.37909317016602 515.58729696273804 1101.7199020385742
leaf_count=503 61 103 76 265 79 78 120 244 45 46 69 77 84 176
internal_value=-8.99585e-05 0.0012326 0.00189072 -0.00187209 0.00135449 0.00345838 -0.00325968 0.000836066 0.000134263 0.0023337 -0.000490089 0.0048972 -0.00234572 -0.00118954
internal_weight=12597.6 7231.17 6107.83 5366.41 5183.35 1024.74 2289.08 4158.61 2598.49 574.537 2023.95 924.487 1123.34 1573.53
internal_count=2026 1138 951 888 813 157 385 656 412 91 321 138 187 252
is_linear=0
shrinkage=0.03


Tree=18
num_leaves=15
num_cat=0
split_feature=7 7 2 3 3 5 7 0 7 7 0 4 1 7
split_gain=23.7223 17.4595 13.6496 7.17446 6.22798 4.81538 4.41028 4.22166 3.94484 5.00767 3.74809 3.16227 2.85649 2.84082
threshold=1292.5000000000002 1055.0000000000002 1.9430000000000003 0.90000000000000013 1.5500000000000003 4.9500000000000011 1337.5000000000002 3.1666666666666674 1095.0000000000002 1155.0000000000002 1.4166666666666667 1.5190100000000004 2.5500000000000003 1367.5000000000002
decision_type=2 2 10 8 10 2 2 8 2 2 10 10 8 2
left_child=1 4 7 -2 -1 8 12 10 -4 -10 11 -3 -5 -8
right_child=3 2 5 6 -6 -7 13 -9 9 -11 -12 -13 -14 -15
leaf_value=0.002375039322252527 -0.0080066552139344688 0.0015153496996565918 0.00071446681484392982 -0.0023059795869078384 0.0073726409716337021 -0.00040024258280219039 -0.0062807905181105888 0.000478566634010977 0.0067522342065386301 0.0025297898644527227 -0.0013740375420071133 -0.0016679067630655463 0.0017243820984732022 -0.0022245960559517898
leaf_weight=534.95135879516602 256.86035394668579 879.18601989746094 378.55432891845703 445.5358419418335 386.61529541015625 397.31490802764893 327.26886081695557 3336.3410811424255 433.72238492965698 605.9441442489624 3768.9887013435364 412.70925855636597 245.45869588851929 295.90554237365723
leaf_count=82 45 142 58 75 56 62 57 535 65 93 615 67 40 51
internal_value=3.00028e-05 0.000516933 0.000160073 -0.00342101 0.00447163 0.00251879 -0.00252472 -0.000349896 0.00333655 0.00429129 -0.000896053 0.000498426 -0.000874293 -0.00435476
internal_weight=12705.4 11134.3 10212.8 1571.03 921.567 1815.54 1314.17 8397.23 1418.22 1039.67 5060.88 1291.9 690.995 623.174
internal_count=2043 1775 1637 268 138 278 223 1359 216 158 824 209 115 108
is_linear=0
shrinkage=0.03


Tree=19
num_leaves=15
num_cat=0
split_feature=6 5 4 1 5 6 2 1 2 4 1 1 1 6
split_gain=32.5948 13.9266 8.38866 8.34511 8.15466 6.46515 6.16948 5.3088 4.83494 4.23026 3.91515 3.84901 5.84737 3.79051
threshold=1112.5000000000002 4.6500000000000012 1.8245000000000002 1.6333333333333335 5.2500000000000009 1167.5000000000002 1.8440000000000001 4.1000000000000005 1.2645000000000002 1.4610000000000003 3.9000000000000004 4.5500000000000007 3.4500000000000006 1086.2500000000002
decision_type=2 2 10 8 2 2 10 10 8 8 8 10 10 2
left_child=4 2 5 -3 7 6 8 -1 -2 -7 -5 12 -4 -6
right_child=1 3 11 10 13 9 -8 -9 -10 -11 -12 -13 -14 -15
leaf_value=-0.001667857441394789 0.0017389285151563026 -0.0036455930534719187 0.0037325410268430111 -1.7074903619987727e-05 -0.0061797847831445499 0.0043479366445904723 0.003425839410037677 0.0012310004267569565 -0.0023192839405297141 0.00087093619545813644 0.0031012509400881942 0.0013508200820157492 0.0085844194121543309 -0.0021138099753497206
leaf_weight=3827.7507081031799 411.14447546005249 522.57534122467041 673.10427284240723 2128.9629826545715 485.21559286117554 866.69630146026611 407.67546415328979 667.7595739364624 739.37005662918091 494.65721416473389 436.6955361366272 276.9507007598877 334.72477626800537 359.04959678649902
leaf_count=633 65 88 102 340 84 135 63 108 118 76 68 41 50 61
internal_value=3.55499e-05 0.00133954 0.00246314 -0.000190124 -0.00174532 0.00157419 0.000254637 -0.00123726 -0.000869053 0.00308454 0.000513689 0.00448319 0.00534397 -0.0044506
internal_weight=12632.3 7292.56 4204.32 3088.23 5339.78 2919.54 1558.19 4495.51 1150.51 1361.35 2565.66 1284.78 1007.83 844.265
internal_count=2032 1146 650 496 886 457 246 741 183 211 408 193 152 145
is_linear=0
shrinkage=0.03


Tree=20
num_leaves=15
num_cat=0
split_feature=6 7 7 7 5 5 6 7 1 1 2 2 5 6
split_gain=36.0192 13.7529 9.97528 7.70133 5.84739 6.29734 5.31246 4.20113 4.15236 4.00261 3.90679 4.05527 3.54495 3.50211
threshold=1112.5000000000002 1292.5000000000002 1337.5000000000002 1068.7500000000002 4.2500000000000009 4.0500000000000007 1146.2500000000002 1066.2500000000002 3.9000000000000004 2.4500000000000006 2.1290000000000004 1.6226666666666667 4.7500000000000009 1045.0000000000002
decision_type=2 2 2 2 2 2 2 2 10 8 10 10 2 2
left_child=2 3 7 6 5 -5 -2 -1 10 -3 11 -6 -12 -9
right_child=1 9 -4 4 8 -7 -8 13 -10 -11 12 -13 -14 -15
leaf_value=0.0011687325345049787 0.0075726723640324083 -0.0032815201344640723 -0.0066148353506482079 0.0011790977709210415 0.00097675950480281934 0.0067893197800415498 0.0027812535660247323 -0.0034910468050133084 0.0030476331784545204 0.0011873422006196403 0.0045261595402234 -0.0012794632257251833 0.0002652589906948978 -0.0013742686597177502
leaf_weight=478.01945638656616 315.08353662490845 661.15480422973633 369.44368410110474 362.01556301116943 2152.5333385467529 358.28115558624268 614.29464721679688 875.81547689437866 794.08455371856689 248.05871820449829 404.65989780426025 1075.0401644706726 310.62827396392822 3573.834358215332
leaf_count=76 46 113 67 56 343 55 91 148 122 40 61 169 48 590
internal_value=2.26967e-05 0.00138982 -0.00186027 0.00188127 0.00145136 0.00396967 0.00440567 -0.0015038 0.00106842 -0.00206229 0.000669814 0.000225257 0.00267578 -0.00179091
internal_weight=12592.9 7295.83 5297.11 6386.62 5457.24 720.297 929.378 4927.67 4736.95 909.214 3942.86 3227.57 715.288 4449.65
internal_count=2025 1144 881 991 854 111 137 814 743 153 621 512 109 738
is_linear=0
shrinkage=0.03


Tree=21
num_leaves=15
num_cat=0
split_feature=6 7 7 4 7 6 6 7 6 4 1 6 2 2
split_gain=26.3938 14.4102 9.94185 9.31147 4.38745 4.89648 3.8727 6.25162 5.04442 3.78313 3.53874 3.1554 5.3139 4.8958
threshold=1112.5000000000002 1267.5000000000002 1337.5000000000002 1.8245000000000002 1183.7500000000002 1088.7500000000002 1277.5000000000002 1071.2500000000002 1127.5000000000002 1.2810000000000004 2.1000000000000005 1162.5000000000002 1.8352900000000001 1.2601900000000004
decision_type=2 2 2 10 2 2 2 2 2 10 10 2 10 10
left_child=2 3 4 11 -1 -6 7 -5 -9 -7 -3 12 13 -2
right_child=1 10 -4 6 5 9 -8 8 -10 -11 -12 -13 -14 -15
leaf_value=-0.00047696526767908683 0.0013258184988699229 -0.0031994194812382361 -0.0063531719151681786 0.0060371888640885158 -0.0034899874777041318 0.0021536468599296804 0.006832553170466573 0.0049530350648172546 -5.7825825020764037e-05 -0.0022165541550528338 -3.0627808958474023e-05 0.0019472218560353544 0.0029105352196891515 -0.0019036927174386001
leaf_weight=2979.0728712081909 760.01436042785645 659.07915449142456 361.64091300964355 427.04120588302612 1201.8333511352539 307.89611053466797 310.62885904312134 267.49828910827637 557.96150922775269 423.46801614761353 611.4240927696228 2229.7707600593567 554.24234676361084 951.21802663803101
leaf_count=488 120 113 66 62 203 51 45 41 86 70 99 346 85 152
internal_value=6.57944e-05 0.00123042 -0.00155262 0.0018396 -0.00119921 -0.00231219 0.00383409 0.00309045 0.00156599 -0.000376748 -0.00167445 0.00114606 0.000357522 -0.000469361
internal_weight=12602.8 7328.88 5273.91 6058.38 4912.27 1933.2 1563.13 1252.5 825.46 731.364 1270.5 4495.25 2265.47 1711.23
internal_count=2027 1149 878 937 812 324 234 189 127 121 212 703 357 272
is_linear=0
shrinkage=0.03


Tree=22
num_leaves=15
num_cat=0
split_feature=6 7 4 7 1 3 6 7 7 6 6 7 6 0
split_gain=35.3775 13.1286 7.65028 7.55995 3.57827 3.53777 3.82095 3.72979 4.48776 3.43363 4.81562 4.45784 2.98864 2.85253
threshold=1112.5000000000002 1267.5000000000002 1.8245000000000002 1337.5000000000002 2.1000000000000005 1.2250000000000003 1127.5000000000002 1068.7500000000002 1095.0000000000002 1127.5000000000002 1277.5000000000002 1077.5000000000002 1045.0000000000002 3.1666666666666674
decision_type=2 2 10 2 10 8 2 2 2 2 2 2 2 8
left_child=3 2 5 12 -3 6 -2 -7 -9 -4 11 -11 -1 -10
right_child=1 4 9 -5 -6 7 -8 8 13 10 -12 -13 -14 -15
leaf_value=-0.0030651068057885901 -0.0031431079250288352 -0.0030088872380969857 0.0061400284183197188 -0.0061523055899437764 0.00023608539181298798 0.0049098416978501421 0.00083341161960128298 -0.00085910301254383343 0.0012505988737627905 0.0043607849605790229 0.006074268052502222 1.4771795573002902e-05 -0.0011944722540969362 0.0033820310646334615
leaf_weight=948.23961162567139 280.74470853805542 645.99309873580933 395.00726985931396 343.04323244094849 580.82506322860718 316.54834842681885 964.97541332244873 589.80844926834106 1484.379828453064 356.72849082946777 318.9993839263916 525.06882190704346 4058.9394655227661 912.49310636520386
leaf_count=160 45 111 59 63 94 47 152 92 233 52 46 81 669 141
internal_value=1.30734e-05 0.00136085 0.00192655 -0.0018439 -0.00147259 0.00129959 -6.27663e-05 0.00181336 0.00148517 0.00371375 0.00291561 0.00177294 -0.00154873 0.00206204
internal_weight=12721.8 7371.57 6144.75 5350.22 1226.82 4548.95 1245.72 3303.23 2986.68 1595.8 1200.8 881.797 5007.18 2396.87
internal_count=2045 1153 948 892 205 710 197 513 466 238 179 133 829 374
is_linear=0
shrinkage=0.03


Tree=23
num_leaves=15
num_cat=0
split_feature=7 7 2 0 5 3 0 3 2 4 4 5 7 7
split_gain=18.7819 12.7891 13.506 6.30413 5.30668 4.92506 3.68816 4.33952 3.97811 3.13459 2.81263 3.36838 2.56623 7.18324
threshold=1337.5000000000002 1055.0000000000002 1.8489100000000003 3.1666666666666674 4.7500000000000009 1.5500000000000003 1.4166666666666667 2.3666666666666671 1.2140000000000002 0.83500000000000008 1.861 4.7500000000000009 1082.5000000000002 1155.0000000000002
decision_type=2 2 10 8 2 8 10 10 10 10 10 2 2 2
left_child=1 5 3 6 12 -1 9 8 -8 -3 11 -10 -4 -14
right_child=-2 2 4 -5 -6 -7 7 -9 10 -11 -12 -13 13 -15
leaf_value=0.0016121763064255079 -0.0046950096894383311 0.0027969692899330301 0.00092478911565774865 0.00043118995701432045 0.00023389770705740435 0.0059893344020117839 -0.0010738336326310924 0.001790508538492093 -0.0051028215236020623 -0.00065825400284850175 -0.00038081718969043327 -0.0020866623348357993 0.0066652627054697745 0.001654935145348287
leaf_weight=501.52227640151978 732.16993570327759 298.39732789993286 339.39336490631104 3374.0522375106812 906.05949068069458 429.45591402053833 1855.505603313446 291.22604751586914 707.52277851104736 1135.5891199111938 281.05479764938354 629.9324803352356 471.64513492584229 567.28610420227051
leaf_count=76 130 48 52 541 143 61 307 47 116 186 45 104 70 87
internal_value=-3.27092e-05 0.000256857 -3.24838e-05 -0.000578653 0.00201728 0.00363134 -0.00123399 -0.00172709 -0.00202197 6.07412e-05 -0.00310894 -0.00368223 0.00318962 0.00392948
internal_weight=12520.8 11788.6 10857.7 8573.28 2284.38 930.978 5199.23 3765.24 3474.02 1433.99 1618.51 1337.46 1378.32 1038.93
internal_count=2013 1883 1746 1394 352 137 853 619 572 234 265 220 209 157
is_linear=0
shrinkage=0.03


Tree=24
num_leaves=15
num_cat=0
split_feature=6 4 3 5 0 4 6 2 2 6 1 1 2 3
split_gain=33.5259 13.5818 6.49159 6.41506 4.66344 4.40744 6.74599 3.9983 5.54805 3.62769 3.56362 3.50232 3.2231 3.15616
threshold=1112.5000000000002 1.8245000000000002 1.2250000000000003 5.2500000000000009 3.1666666666666674 1.2750000000000006 1277.5000000000002 1.3500000000000003 1.7070000000000001 1152.5000000000002 4.1000000000000005 3.1000000000000005 1.5630000000000004 2.3666666666666671
decision_type=2 8 10 2 10 10 2 10 10 2 10 10 10 10
left_child=3 2 -2 10 5 -4 12 9 -9 -3 -1 -6 -7 -10
right_child=1 7 4 -5 11 6 -8 8 13 -11 -12 -13 -14 -15
leaf_value=-0.0017573034249652214 -0.0011571166345369036 0.003970061028410396 -0.00052398461311620268 -0.0043815545566652193 0.0051415044599577775 0.0031321073323614386 0.0060820613650494158 0.0071994540135606293 0.0016501266049559599 -0.0007425032994402528 0.00067971690741974917 0.001680270618439411 -0.0009410070037185166 0.0053668383117275219
leaf_weight=3789.88059425354 1480.3016719818115 273.48441362380981 1634.2490172386169 767.40172100067139 360.79530191421509 274.54750823974609 267.4023585319519 430.37490797042847 549.32152652740479 317.90761280059814 629.76351022720337 971.77979516983032 481.49428129196167 328.65521955490112
leaf_count=631 238 42 264 134 56 44 41 64 82 49 102 149 75 48
internal_value=-1.91159e-06 0.0012985 0.000539589 -0.00184967 0.00116903 0.000442812 0.00198661 0.00348387 0.00440918 0.00143678 -0.00141005 0.0026174 0.000538096 0.00304141
internal_weight=12557.4 7370.31 5470.57 5187.05 3990.27 2657.69 1023.44 1899.74 1308.35 591.392 4419.64 1332.58 756.042 877.977
internal_count=2019 1152 867 867 629 424 160 285 194 91 733 205 119 130
is_linear=0
shrinkage=0.03


Tree=25
num_leaves=15
num_cat=0
split_feature=7 7 2 5 7 4 2 4 1 5 1 3 7 7
split_gain=23.9512 12.1304 12.5773 4.2167 3.36512 3.27726 2.63744 2.6036 2.58796 2.48278 2.47751 2.63962 2.34616 6.42502
threshold=1337.5000000000002 1066.2500000000002 1.8489100000000003 5.1500000000000012 1087.5000000000002 1.2750000000000006 1.1210000000000002 1.0866800000000001 3.9000000000000004 5.4500000000000011 4.6333333333333337 1.6333333333333335 1155.0000000000002 1095.0000000000002
decision_type=2 2 10 2 2 10 8 10 8 2 10 8 2 2
left_child=1 6 3 4 -3 7 -1 -4 -6 -2 11 -10 13 -7
right_child=9 2 5 -5 8 12 -8 -9 10 -11 -12 -13 -14 -15
leaf_value=0.00094244180686379271 -0.0068352708918719453 -0.0017849819910490737 0.0016401846535948118 -0.002407825159427935 -0.00044574939592082402 0.00039320031236852055 0.0037953315005252184 -0.0022977329990917748 0.0032678816998394861 -0.0032972814276831419 -0.00089179731200302145 -0.00016294254519991474 0.0014195004808223528 0.0059093849213600839
leaf_weight=429.92421960830688 435.360276222229 1333.8339061737061 366.43450736999512 1116.9173035621643 4566.9020833969116 313.91508150100708 906.76184511184692 257.14640665054321 541.68792581558228 302.57896327972412 389.83955717086792 321.69143724441528 783.22934865951538 481.56999731063843
leaf_count=67 78 217 58 187 745 48 133 40 86 54 62 51 121 71
internal_value=-0.000141179 0.000186455 -0.000157033 -0.000693495 -0.000425844 0.00185769 0.00287774 1.63034e-05 -0.000114361 -0.00538458 0.00109326 0.00198957 0.00258502 0.00373258
internal_weight=12547.8 11809.9 10473.2 8270.87 7153.95 2202.3 1336.69 623.581 5820.12 737.939 1253.22 863.379 1578.71 795.485
internal_count=2018 1886 1686 1348 1161 338 200 98 944 132 199 137 240 119
is_linear=0
shrinkage=0.03


Tree=26
num_leaves=15
num_cat=0
split_feature=6 7 7 7 5 5 6 6 7 2 3 0 6 0
split_gain=32.0471 12.9973 9.68511 7.66906 5.98123 5.73881 4.05928 3.8187 5.63954 4.21442 3.90266 3.03246 2.69755 2.65041
threshold=1112.5000000000002 1275.0000000000002 1337.5000000000002 1068.7500000000002 4.2500000000000009 4.0500000000000007 1045.0000000000002 1162.5000000000002 1205.0000000000002 1.9630000000000003 1.5500000000000003 3.1666666666666674 1146.2500000000002 1.5833333333333337
decision_type=2 2 2 2 2 2 2 2 2 8 8 10 2 8
left_child=2 3 6 12 5 -5 -1 8 9 -6 -10 -9 -2 -3
right_child=1 13 -4 4 7 -7 -8 11 10 -11 -12 -13 -14 -15
leaf_value=-0.0032831628852727141 0.0065453444607949923 -0.0035916189306182734 -0.006777988318012078 0.0011793871831339909 -0.0016731864068462061 0.0065496414973211332 -0.0011010584945539406 0.00092551115492646278 0.00030662628007888272 0.0017353337373665757 0.0048614227335210944 0.0032263802328133745 0.0031077640760232695 -0.00060821135465374202
leaf_weight=947.96145057678223 314.78945732116699 429.86253070831299 336.22466897964478 358.27699613571167 1295.3355422019958 358.08869171142578 4024.9336738586426 1308.2164011001587 367.00420522689819 436.48450374603271 314.28744792938232 850.8084077835083 591.49174451828003 711.71897602081299
leaf_count=161 45 75 63 55 207 54 666 204 58 66 49 129 86 118
internal_value=-7.4877e-05 0.00120987 -0.0018502 0.00175193 0.00131497 0.00386381 -0.00151702 0.000915617 9.55305e-05 -0.00081411 0.0024078 0.00183222 0.00430178 -0.00173161
internal_weight=12645.5 7336.36 5309.12 6194.78 5288.5 716.366 4972.9 4572.14 2413.11 1731.82 681.292 2159.02 906.281 1141.58
internal_count=2036 1146 890 953 822 109 827 713 380 273 107 333 131 193
is_linear=0
shrinkage=0.03


Tree=27
num_leaves=15
num_cat=0
split_feature=6 7 6 7 7 7 7 7 7 6 1 1 5 2
split_gain=24.3947 16.2774 8.59964 8.61295 7.37571 5.4602 8.57667 3.97348 3.85539 3.61337 3.3609 3.2664 3.24188 2.95999
threshold=1112.5000000000002 1292.5000000000002 1277.5000000000002 1068.7500000000002 1337.5000000000002 1155.0000000000002 1102.5000000000002 1015.0000000000001 1183.7500000000002 1088.7500000000002 4.1000000000000005 2.1000000000000005 4.2500000000000009 1.0904800000000001
decision_type=2 2 2 2 2 2 2 2 2 2 8 8 2 10
left_child=4 2 3 7 8 6 -4 -2 10 -10 13 -3 -5 -1
right_child=1 11 5 12 -6 -7 -8 -9 9 -11 -12 -13 -14 -15
leaf_value=-0.00013745508822588171 0.0012289563152917459 -0.0040888445192275146 0.0026247775041591519 0.0026391417121101614 -0.0059923834943524093 0.0016182339714836632 0.0094382551469089117 0.0056682018699980219 -0.0033830720808656722 -0.00069214584421596463 0.0012734138030777466 -0.00047480225040989922 0.00025243469550493853 -0.0022512193377511357
leaf_weight=1221.5361089706421 290.20528364181519 555.10763835906982 368.10159301757812 591.90152835845947 323.40743350982666 524.95208358764648 303.25675296783447 484.3000955581665 1193.2793822288513 720.1480016708374 643.74605464935303 378.56840085983276 3803.9619431495667 1164.7638993263245
leaf_count=203 41 97 54 91 61 80 44 71 204 120 104 62 598 192
internal_value=-4.70385e-05 0.00107564 0.00161811 0.00108776 -0.00160316 0.00391027 0.00570247 0.00400483 -0.00131602 -0.0023703 -0.000650251 -0.00262349 0.000573804 -0.00116919
internal_weight=12567.2 7300.36 6366.68 5170.37 5266.88 1196.31 671.358 774.505 4943.47 1913.43 3030.05 933.676 4395.86 2386.3
internal_count=2022 1138 979 801 884 178 98 112 823 324 499 159 689 395
is_linear=0
shrinkage=0.03


Tree=28
num_leaves=15
num_cat=0
split_feature=7 2 7 3 1 7 3 5 2 4 1 3 7 7
split_gain=18.9293 8.95534 11.5583 5.18725 4.3008 3.84884 3.71225 3.20263 3.02078 2.81417 2.64136 2.95398 4.33265 2.80181
threshold=1292.5000000000002 1.9430000000000003 1066.2500000000002 0.90000000000000013 3.9000000000000004 1337.5000000000002 1.5500000000000003 4.2500000000000009 1.5958400000000004 2.1510000000000002 0.3000000000000001 1.5500000000000003 1170.0000000000002 1082.5000000000002
decision_type=2 10 2 8 8 2 8 2 10 10 10 10 2 2
left_child=1 2 6 -2 9 -5 -1 -3 -6 10 -4 12 -12 -13
right_child=3 7 4 5 8 -7 -8 -9 -10 -11 11 13 -14 -15
leaf_value=0.0012607193099405545 -0.0071244498766428041 0.0049263655619318754 0.0018765825701098338 -0.00096774434443257348 0.00026875650375397976 -0.0042535179547675724 0.0046678565664691109 0.0015919435609575438 0.0037976334255774105 -0.0039960105132921747 -0.00046810282382467333 -0.002362096019941157 -0.0025358632063686428 0.00049828101191397571
leaf_weight=725.94367551803589 262.44324445724487 310.23120260238647 321.92407178878784 689.16924905776978 1362.8886885643005 600.33589744567871 476.86183261871338 1577.3671636581421 259.95987939834595 253.17504024505615 1962.6519088745117 375.73402500152588 1703.6497421264648 1714.748902797699
leaf_count=111 48 45 52 116 218 108 69 237 40 41 321 61 283 277
internal_value=-0.000177486 0.000258433 -0.000129397 -0.0032799 -0.000543839 -0.00249745 0.00261151 0.00213996 0.000834038 -0.000896986 -0.000767913 -0.000915796 -0.00142895 -1.58303e-05
internal_weight=12597.1 11045.1 9157.54 1551.95 7954.73 1289.51 1202.81 1887.6 1622.85 6331.88 6078.71 5756.78 3666.3 2090.48
internal_count=2027 1755 1473 272 1293 224 180 282 258 1035 994 942 604 338
is_linear=0
shrinkage=0.03


Tree=29
num_leaves=15
num_cat=0
split_feature=6 4 2 2 6 2 6 5 4 5 0 1 5 6
split_gain=25.5903 11.9471 6.24316 5.1473 4.90682 4.82224 5.6193 3.48344 3.48249 3.12514 3.33059 2.7394 2.6933 2.79026
threshold=1112.5000000000002 1.58538 1.3500000000000003 1.2645000000000002 1045.0000000000002 1.8352900000000001 1162.5000000000002 4.6500000000000012 1.192666666666667 4.6500000000000012 2.4166666666666674 1.3666666666666669 4.6500000000000012 1210.0000000000002
decision_type=2 10 10 8 2 8 2 2 10 2 10 8 2 2
left_child=4 3 -3 9 -1 6 8 -6 -5 -2 -11 -9 -7 -14
right_child=1 2 -4 5 7 12 -8 11 -10 10 -12 -13 13 -15
leaf_value=-0.0034782638524106595 0.0029838651130317212 9.9334711646004192e-05 0.0035268647864085951 -0.004874747704436245 -0.00037109093753651985 0.0019480392493464364 0.00068473078007532349 -0.0051817280595982066 -0.0013743309616610952 -0.0016409717646268141 0.0020694402219654075 -0.0016856568049893126 0.00083276089240838828 -0.0029143224277617345
leaf_weight=1021.9544811248779 770.07288980484009 624.12924575805664 2046.7397060394287 466.93485593795776 2296.4976487159729 790.71100521087646 604.53245735168457 228.49306297302246 565.6933331489563 402.81860399246216 473.86104297637939 1721.1753058433533 486.32195901870728 282.895188331604
leaf_count=176 120 96 303 78 378 120 96 41 91 67 75 291 78 45
internal_value=-8.8382e-06 0.00111503 0.00272592 0.000226801 -0.00161199 -0.000475063 -0.00161236 -0.00116282 -0.00295715 0.00158944 0.000364572 -0.00209538 0.000718545 -0.000545305
internal_weight=12782.8 7514.71 2670.87 4843.84 5268.12 3197.09 1637.16 4246.17 1032.63 1646.75 876.68 1949.67 1559.93 769.217
internal_count=2055 1169 399 770 886 508 265 710 169 262 142 332 243 123
is_linear=0
shrinkage=0.03


Tree=30
num_leaves=15
num_cat=0
split_feature=6 7 7 7 6 7 5 0 7 6 4 0 0 6
split_gain=25.3921 11.9989 8.92135 6.97561 6.147 3.98201 3.88244 3.32059 3.54885 3.19211 3.07191 2.86524 2.73594 2.47533
threshold=1112.5000000000002 1292.5000000000002 1337.5000000000002 1068.7500000000002 1277.5000000000002 1183.7500000000002 4.5500000000000007 3.1666666666666674 1112.5000000000002 1127.5000000000002 1.0622400000000003 0.83333333333333337 1.8333333333333337 1088.7500000000002
decision_type=2 2 2 2 2 2 2 8 2 2 10 10 10 2
left_child=2 3 5 -2 7 -1 -6 11 -9 -10 -11 -5 -3 -7
right_child=1 12 -4 4 6 13 -8 8 9 10 -12 -13 -14 -15
leaf_value=-0.00059979381124411306 0.0039142393781565954 -0.003652074966638076 -0.006531425807604135 0.0025966516236122501 0.0048443249418836124 -0.0031434460479370769 0.0013163448162026125 -0.00018961328030091837 0.0055932468939320756 0.0043716278536219911 0.00057360924821855085 -0.00033353929463129743 -0.00037282413744432074 -0.00089886307544249032
leaf_weight=3055.0228748321533 982.36221313476562 477.52501678466797 308.38619565963745 342.97060012817383 586.57015657424927 1237.8645491600037 538.42677402496338 583.35814523696899 262.06875324249268 284.91082620620728 585.60541534423828 2416.2285113334656 439.93917989730835 687.92121601104736
leaf_count=504 140 84 59 53 86 213 82 90 40 44 90 383 73 115
internal_value=1.19419e-05 0.00113451 -0.00157984 0.0015825 0.00117347 -0.00127327 0.00315582 0.00067513 0.00171138 0.00269052 0.00181666 3.06857e-05 -0.00207962 -0.00234165
internal_weight=12789.2 7499.97 5289.19 6582.5 5600.14 4980.81 1125 4475.14 1715.94 1132.58 870.516 2759.2 917.464 1925.79
internal_count=2056 1165 891 1008 868 832 168 700 264 174 134 436 157 328
is_linear=0
shrinkage=0.03


Tree=31
num_leaves=15
num_cat=0
split_feature=6 5 1 5 1 4 1 1 2 1 6 2 2 6
split_gain=24.2586 10.3952 9.65945 5.00575 3.79879 3.67235 4.0122 3.94668 3.40277 3.25653 3.1019 5.95638 4.31372 4.33554
threshold=1112.5000000000002 4.6500000000000012 1.7750000000000001 5.2500000000000009 3.9000000000000004 1.8245000000000002 4.5500000000000007 3.4500000000000006 0.99200000000000021 4.1000000000000005 1167.5000000000002 1.8440000000000001 1.5730000000000006 1146.2500000000002
decision_type=2 2 8 2 10 10 10 8 10 10 2 10 10 2
left_child=3 5 -3 9 -4 10 7 -7 -5 -1 11 12 13 -2
right_child=1 2 4 8 -6 6 -8 -9 -10 -11 -12 -13 -14 -15
leaf_value=-0.0015635145077564994 0.0026393207325595401 -0.0040529542049452597 -2.4452999168447326e-05 -0.0058040713100248062 0.0031545231414736989 0.0028551284333236215 0.00012912685406591217 0.0067372697266814387 -0.0019061286278488237 0.00067326484409272673 0.0024587806199984122 0.0035745034520251184 -0.003787477859649023 -0.0016367613049343083
leaf_weight=3827.0458550453186 417.40606498718262 509.00886011123657 2178.4286212921143 389.28957509994507 400.50781488418579 701.30226564407349 281.49919319152832 354.98316287994385 417.96783065795898 691.67823266983032 1363.7668013572693 415.76299285888672 288.92677736282349 436.62531280517578
leaf_count=643 66 88 347 70 61 103 40 51 74 112 207 63 46 69
internal_value=-6.822e-05 0.00104916 -0.000276186 -0.00160987 0.000469241 0.00200981 0.00331165 0.00415979 -0.00378586 -0.00122113 0.00141389 0.000499679 -0.000618821 0.000453165
internal_weight=12674.2 7348.22 3087.95 5325.98 2578.94 4260.27 1337.78 1056.29 807.257 4518.72 2922.49 1558.72 1142.96 854.031
internal_count=2040 1141 496 899 408 645 194 154 144 755 451 244 181 135
is_linear=0
shrinkage=0.03


Tree=32
num_leaves=15
num_cat=0
split_feature=6 7 4 7 1 3 7 6 6 6 6 6 7 4
split_gain=23.9267 12.2372 6.95199 6.90401 3.84754 4.54367 3.97915 3.92259 3.8165 3.49312 3.48498 5.80752 4.86811 3.42866
threshold=1112.5000000000002 1267.5000000000002 1.8245000000000002 1337.5000000000002 0.63333333333333341 1.4500000000000002 1112.5000000000002 1152.5000000000002 1045.0000000000002 1167.5000000000002 1277.5000000000002 1127.5000000000002 1102.5000000000002 1.3810000000000004
decision_type=2 2 10 2 8 8 2 2 2 2 2 2 2 8
left_child=3 2 4 8 -2 9 -7 13 -1 -6 11 -4 -13 -8
right_child=1 -3 10 -5 5 6 7 -9 -10 -11 -12 12 -14 -15
leaf_value=-0.003026100749451022 0.0042594874791525433 -0.0016680467462484477 0.0056052924598466057 -0.0057114679412016024 -0.0015119504577951663 0.00011479668226483216 0.0023251125278748648 0.0013935619169238691 -0.00088027951495233412 0.0014649436030356035 0.0060236864277061694 0.0031245095579256412 -0.001386556025020684 0.0070268781170001477
leaf_weight=912.27207708358765 308.50266885757446 1210.9289884567261 399.45663118362427 336.37811231613159 1030.9579753875732 1045.1390972137451 299.60508394241333 1022.0291094779968 4092.0921597480774 540.87080430984497 338.41197299957275 517.69861698150635 368.58847618103027 261.35220432281494
leaf_count=157 47 205 58 65 164 159 47 157 681 84 47 75 56 40
internal_value=-2.32469e-05 0.00108792 0.0016321 -0.0015511 0.00102585 0.000788326 0.00155143 0.00249994 -0.00127145 -0.000487593 0.00331498 0.00260204 0.00124845 0.00451568
internal_weight=12684.3 7343.54 6132.61 5340.74 4508.46 4199.95 2628.13 1582.99 5004.36 1571.83 1624.16 1285.74 886.287 560.957
internal_count=2042 1139 934 903 698 651 403 244 838 248 236 189 131 87
is_linear=0
shrinkage=0.03


Tree=33
num_leaves=15
num_cat=0
split_feature=6 7 7 4 4 7 6 7 3 6 3 6 2 2
split_gain=26.6618 9.90843 8.31019 6.66258 3.88926 3.72722 3.70813 4.16418 3.66777 3.82286 3.33428 3.18354 4.17308 4.1841
threshold=1112.5000000000002 1267.5000000000002 1337.5000000000002 1.8245000000000002 1.4855000000000003 1066.2500000000002 1045.0000000000002 1071.2500000000002 1.5500000000000003 1162.5000000000002 0.70833333333333337 1127.5000000000002 1.3890000000000005 1.7010000000000003
decision_type=2 2 2 10 8 2 2 2 8 2 8 2 10 10
left_child=2 3 5 8 -3 -1 -7 -8 9 -2 -9 -5 -13 -14
right_child=1 4 -4 11 -6 6 7 10 -10 -11 -12 12 13 -15
leaf_value=0.00094036130240247472 -0.0011835463053709737 -0.0021778705396641252 -0.0063341835218513887 0.0054782719944097662 0.0020084266329326028 -0.0034855283882484246 -0.0047284144492445142 0.0014502117201109651 0.0016380476881225649 0.0016849476597535318 -0.0013503384740250351 -0.00091989950736733712 0.0064427170423337439 0.0020996091371301732
leaf_weight=539.84359836578369 1109.0845685005188 1018.8928699493408 329.30938339233398 409.30845642089844 248.43271970748901 846.47511291503906 289.10986137390137 442.26213359832764 2812.1133213043213 671.18923377990723 2836.7442402839661 263.9926905632019 278.34691381454468 705.99995422363281
leaf_count=86 176 175 64 59 40 147 49 74 430 104 475 40 40 101
internal_value=-8.63378e-05 0.0010615 -0.0017194 0.00155195 -0.00135723 -0.00141267 -0.00170041 -0.00127693 0.000963473 -0.000102082 -0.000972609 0.00318227 0.00242946 0.00332772
internal_weight=12801.1 7517.36 5283.74 6250.04 1267.33 4954.43 4414.59 3568.12 4592.39 1780.27 3279.01 1657.65 1248.34 984.347
internal_count=2060 1165 895 950 215 831 745 598 710 280 549 240 181 141
is_linear=0
shrinkage=0.03


Tree=34
num_leaves=15
num_cat=0
split_feature=6 7 1 7 7 2 2 3 6 5 6 4 1 6
split_gain=24.0502 10.9681 8.90745 8.76818 7.39665 4.39593 5.71868 4.31951 4.00186 3.1817 3.05928 3.00509 2.59596 2.39257
threshold=1112.5000000000002 1068.7500000000002 3.9000000000000004 1337.5000000000002 1292.5000000000002 1.9430000000000003 1.6226666666666667 1.2916666666666667 1255.0000000000002 4.9500000000000011 1021.2500000000001 1.2900000000000003 3.9000000000000004 1152.5000000000002
decision_type=2 2 10 2 2 10 10 10 2 2 2 8 10 2
left_child=3 12 4 10 5 6 7 11 -4 13 -1 -3 -2 -7
right_child=1 2 8 -5 -6 9 -8 -9 -10 -11 -12 -13 -14 -15
leaf_value=-0.0038118458143881723 0.0051626728148916326 -0.0024646308609202086 0.0020745266424358425 -0.0064007856464306659 -0.0023897529225679402 0.0049868050971301316 -0.0019461985963635214 0.0019302067777329185 0.0062450605411002967 -0.00052991860391828972 -0.00097027610693628519 0.00074575203004707065 0.0019506390828480935 0.0019223539598284189
leaf_weight=368.04126501083374 664.00029802322388 446.39524030685425 678.76159715652466 307.17542886734009 820.2877311706543 347.00631856918335 887.16548347473145 1440.4764194488525 297.97631931304932 304.85172700881958 4639.8137989044189 636.69385194778442 343.65692520141602 675.98446941375732
leaf_count=64 94 72 103 60 143 51 140 227 43 47 777 100 48 99
internal_value=6.47762e-05 0.00115386 0.000704683 -0.00148089 0.000240433 0.000695741 0.000125613 0.000853964 0.00334684 0.00216019 -0.00117911 -0.000577407 0.00406722 0.00296184
internal_weight=12858.3 7543.26 6535.6 5315.03 5558.86 4738.57 3410.73 2523.57 976.738 1327.84 5007.86 1083.09 1007.66 1022.99
internal_count=2068 1167 1025 901 879 736 539 399 146 197 841 172 142 150
is_linear=0
shrinkage=0.03


Tree=35
num_leaves=15
num_cat=0
split_feature=7 7 2 1 3 7 7 2 4 2 7 0 7 7
split_gain=19.5855 6.67254 6.99766 4.89872 3.33228 3.32484 4.4618 2.88579 2.25606 2.54136 2.10996 3.91559 3.76176 3.97088
threshold=1267.5000000000002 1055.0000000000002 1.9540000000000004 3.4500000000000006 1.1000000000000003 1188.7500000000002 1095.0000000000002 2.276333333333334 1.8283333333333338 1.3890000000000005 1205.0000000000002 1.4166666666666667 1177.5000000000002 1162.5000000000002
decision_type=2 2 10 10 8 2 2 10 10 10 2 10 2 2
left_child=1 8 10 4 -2 6 -4 -8 -1 -10 12 -12 13 -3
right_child=3 2 5 -5 -6 -7 7 -9 9 -11 11 -13 -14 -15
leaf_value=0.0049902345879583414 -0.0050826619505397802 -0.00019333432064781982 1.9326549487949134e-05 0.0012670861343458061 -0.0023217267456905324 -0.00040177337549748588 0.0052593949147429365 0.001789886722529205 -0.00029741865306910187 0.003513871905564861 0.0040393398604155065 0.0001710961352802808 -0.0016674798987255546 0.0026643892172674459
leaf_weight=316.77721738815308 559.35379695892334 4617.0404062271118 370.05043125152588 257.97039985656738 1326.3535566329956 378.73076105117798 561.09668111801147 350.56293344497681 273.28504085540771 371.50833082199097 296.24702501296997 1148.7421870231628 1421.7601981163025 483.43155574798584
leaf_count=46 101 744 55 42 232 57 82 51 41 51 47 187 234 78
internal_value=4.76817e-06 0.000534154 0.000296161 -0.00261026 -0.0031407 0.00206782 0.00279755 0.00392526 0.00291705 0.00189852 -7.30683e-05 0.000964151 -0.000302862 7.75257e-05
internal_weight=12732.9 10589.2 9627.66 2143.68 1885.71 1660.44 1281.71 911.66 961.571 644.793 7967.22 1444.99 6522.23 5100.47
internal_count=2048 1673 1535 375 333 245 188 133 138 92 1290 234 1056 822
is_linear=0
shrinkage=0.03


Tree=36
num_leaves=15
num_cat=0
split_feature=6 7 7 0 7 5 3 7 4 7 7 7 7 6
split_gain=23.806 10.9759 6.98507 5.99047 5.04551 4.7235 4.41779 4.02484 3.83063 3.47811 3.18343 3.12382 2.99774 2.68222
threshold=1091.2500000000002 1267.5000000000002 1112.5000000000002 3.1666666666666674 1055.0000000000002 4.2500000000000009 2.3666666666666671 1102.5000000000002 1.6760000000000002 1155.0000000000002 1015.0000000000001 1102.5000000000002 1066.2500000000002 1045.0000000000002
decision_type=2 2 2 10 2 2 8 2 8 2 2 2 2 2
left_child=2 4 11 -3 10 9 -7 -8 -9 -6 -2 12 -1 -4
right_child=1 3 13 -5 5 6 7 8 -10 -11 -12 -13 -14 -15
leaf_value=0.0010326758900232639 0.0015646217706775452 -0.002529622828571491 -0.0047529346977273346 0.002236128554296452 0.0047661874905115644 0.00018624754449009104 -0.00051733245853031345 0.0015917031448966 0.0056664349425155748 0.0010103619205231533 0.0054483155809708977 0.0023699536982342002 -0.0023114887456217393 -0.0025065690052400893
leaf_weight=363.45979738235474 380.87298822402954 1229.7928800582886 677.20594835281372 294.15734052658081 460.74637794494629 4590.3531880378723 340.05027437210083 482.13193988800049 364.71514177322388 428.08862161636353 378.94659900665283 279.71602201461792 717.45983743667603 1629.4097385406494
leaf_count=58 53 215 121 47 69 722 51 74 54 66 53 47 121 280
internal_value=-0.000124759 0.000709397 -0.0021605 -0.00160972 0.00118533 0.00092132 0.000608087 0.00223956 0.00334658 0.00295727 0.00350155 -0.00045578 -0.00118701 -0.00316609
internal_weight=12617.1 8949.86 3667.25 1523.95 7425.91 6666.09 5777.25 1186.9 846.847 888.835 759.82 1360.64 1080.92 2306.62
internal_count=2031 1404 627 262 1142 1036 901 179 128 135 106 226 179 401
is_linear=0
shrinkage=0.03


Tree=37
num_leaves=15
num_cat=0
split_feature=6 7 4 7 6 6 7 3 0 6 7 6 7 7
split_gain=25.7765 9.21025 5.5869 5.27195 5.20913 3.91965 5.64091 3.43759 3.15169 2.99946 2.97126 3.01823 2.96037 2.03327
threshold=1112.5000000000002 1267.5000000000002 1.8245000000000002 1337.5000000000002 1277.5000000000002 1127.5000000000002 1077.5000000000002 1.2250000000000003 3.1666666666666674 1162.5000000000002 1055.0000000000002 1045.0000000000002 1071.2500000000002 1068.7500000000002
decision_type=2 2 10 2 2 2 2 8 8 2 2 2 2 2
left_child=3 2 7 10 5 -4 -7 9 -3 -2 -1 -12 -13 -9
right_child=1 8 4 -5 -6 6 -8 13 -10 -11 11 12 -14 -15
leaf_value=0.0014456230355531312 -0.0013623312773744149 -0.0020334415359583059 0.0047082987653782769 -0.0053725118397047172 0.0064048490413517048 0.0039471347244871852 -0.00083613902653501665 0.003826175840660583 0.0017275101076000923 0.0016989585245754406 -0.0032142965643906425 -0.0034205109589488893 -0.00089335338154271609 0.0013123327386860594
leaf_weight=312.05673217773438 817.86580562591553 972.47245025634766 399.37043380737305 318.1086597442627 337.98995637893677 378.88649368286133 535.50779247283936 320.44888591766357 252.63052463531494 444.67159843444824 831.95939350128174 478.34599590301514 3262.5913181304932 3005.5721759796143
leaf_count=49 130 169 57 63 46 53 81 46 40 69 146 80 548 462
internal_value=-9.42521e-06 0.0011203 0.00158719 -0.00163037 0.00308332 0.0022288 0.00114585 0.00104863 -0.00125789 -0.000284131 -0.00138668 -0.00157996 -0.0012165 0.00155453
internal_weight=12668.5 7465.42 6240.31 5203.06 1651.75 1313.76 914.394 4588.56 1225.1 1262.54 4884.95 4572.9 3740.94 3326.02
internal_count=2039 1153 944 886 237 191 134 707 209 199 823 774 628 508
is_linear=0
shrinkage=0.03


Tree=38
num_leaves=15
num_cat=0
split_feature=6 7 7 7 5 5 7 7 6 1 1 7 4 7
split_gain=20.2583 11.3729 8.42375 4.37928 3.93062 6.17849 3.87815 3.64869 3.72151 3.20462 2.75402 3.87131 3.12644 2.41066
threshold=1112.5000000000002 1267.5000000000002 1337.5000000000002 1055.0000000000002 4.2500000000000009 4.0500000000000007 1066.2500000000002 1073.7500000000002 1036.2500000000002 2.1000000000000005 2.9000000000000004 1196.2500000000002 1.0806400000000003 1015.0000000000001
decision_type=2 2 2 2 2 2 2 2 2 10 8 2 10 2
left_child=2 3 6 13 5 -5 -1 -8 -9 -3 11 -6 -13 -2
right_child=1 9 -4 4 10 -7 7 8 -10 -11 -12 12 -14 -15
leaf_value=0.0011563972311637734 0.0019186842333910393 -0.0033692665269337042 -0.0064372679177067656 0.00051299830598818311 -0.00064406366662669834 0.005859763079688063 -0.0040962769609718813 -0.0037911645067748518 -0.00093319273789781198 -0.00025936533446725495 0.0014900684038608579 -0.00033695315522101922 0.0040528258867291158 0.0055500767890552692
leaf_weight=528.84160327911377 337.17399835586548 598.52748870849609 301.4080638885498 404.91721296310425 1778.5111117362976 374.32574081420898 458.27892827987671 464.59721374511719 3493.1767621040344 594.33562040328979 2453.0701589584351 257.54422664642334 337.19631385803223 321.30853843688965
leaf_count=84 46 107 60 61 277 55 78 82 590 97 371 41 52 43
internal_value=-0.000139875 0.000865001 -0.00156817 0.00137626 0.0011044 0.00308143 -0.00127138 -0.00156212 -0.00126869 -0.00181978 0.000785191 5.66072e-05 0.00215189 0.00369063
internal_weight=12703.2 7456.91 5246.3 6264.05 5605.56 779.243 4944.89 4416.05 3957.77 1192.86 4826.32 2373.25 594.741 658.483
internal_count=2044 1150 894 946 857 116 834 750 672 204 741 370 93 89
is_linear=0
shrinkage=0.03


Tree=39
num_leaves=15
num_cat=0
split_feature=7 7 2 0 3 7 2 7 3 1 7 0 3 2
split_gain=16.1207 5.96902 6.79264 4.01636 3.39517 2.44216 4.87033 3.84845 2.24262 1.98078 3.99996 2.70512 4.06653 2.59072
threshold=1275.0000000000002 1055.0000000000002 1.9540000000000004 3.1666666666666674 0.90000000000000013 1183.7500000000002 2.276333333333334 1106.2500000000002 1.5500000000000003 3.9000000000000004 1205.0000000000002 1.4166666666666667 2.3666666666666671 0.83900000000000019
decision_type=2 2 10 10 10 2 10 2 8 8 2 10 10 10
left_child=1 8 9 4 -2 6 7 -4 -1 11 -11 -3 13 -13
right_child=3 2 5 -5 -6 -7 -8 -9 -10 10 -12 12 -14 -15
leaf_value=0.0015435023771580931 -0.0055083883249803173 0.0010368690797102407 0.0020232397519496497 0.00073117502984648328 -0.0022065577146029901 0.00035641388491388157 0.00075463737848220451 0.0066174478918791992 0.0044335371457558869 0.00025164914996608648 0.0039950001937495263 0.0004301629188141909 0.0023501316145784256 -0.0011742600919277606
leaf_weight=521.86411237716675 361.05424880981445 1293.4257669448853 294.31234550476074 320.56339120864868 1252.8562154769897 491.67518520355225 542.41588449478149 370.90390110015869 450.05207538604736 1316.9005069732666 319.17327117919922 1229.1454668045044 413.9684624671936 3443.0496664047241
leaf_count=77 67 209 44 53 224 74 79 53 61 207 50 204 65 564
internal_value=0.000184016 0.000640175 0.00041592 -0.002336 -0.00294522 0.00213879 0.00286447 0.00458483 0.00288175 5.06739e-05 0.00098192 -0.000188148 -0.000499674 -0.000752174
internal_weight=12621.4 10686.9 9714.97 1934.47 1613.91 1699.31 1207.63 665.216 971.916 8015.66 1636.07 6379.59 5086.16 4672.2
internal_count=2031 1687 1549 344 291 250 176 97 138 1299 257 1042 833 768
is_linear=0
shrinkage=0.03


Tree=40
num_leaves=15
num_cat=0
split_feature=6 7 7 6 7 7 7 4 3 1 2 2 1 4
split_gain=16.4592 8.57288 8.49697 5.68494 3.85734 4.60724 3.87055 3.44315 3.34105 3.30745 2.82983 2.57925 2.05646 1.76534
threshold=1091.2500000000002 1183.7500000000002 1267.5000000000002 1277.5000000000002 1066.2500000000002 1112.5000000000002 1015.0000000000001 1.8395800000000002 1.9000000000000001 3.4500000000000006 2.0799300000000005 0.91900000000000004 4.1000000000000005 0.67825333333333349
decision_type=2 2 2 2 2 2 2 10 8 8 10 10 10 10
left_child=1 12 3 4 6 7 -2 -6 -5 13 -10 -7 -1 -4
right_child=2 -3 9 8 5 11 -8 -9 10 -11 -12 -13 -14 -15
leaf_value=-0.00097681952302559102 -0.00013594408241533414 -0.003508639664451094 0.00032648066013908698 0.0057642054554173988 -0.0014424133526584951 0.0026269273670779469 0.0040440498106631539 0.0013881767806264431 0.00028320070936851233 0.0018001953163402319 0.0036083276398290055 0.00064484629192305065 0.0013987366557085515 -0.0026200419834224555
leaf_weight=1691.7204604148865 308.90928936004639 1461.9472908973694 224.64470911026001 288.93950462341309 1513.9189391136169 758.36744213104248 562.25424528121948 519.47299528121948 428.83229160308838 237.15763711929321 497.67947435379028 2675.2615756988525 406.8409218788147 987.17027950286865
leaf_count=285 43 261 40 42 240 120 81 79 63 38 70 419 66 173
internal_value=-1.829e-05 -0.00174494 0.000664597 0.00106826 0.000707856 0.000412424 0.00256185 -0.000719279 0.00294766 -0.00143975 0.00206931 0.00108262 -0.000516279 -0.00207382
internal_weight=12563.1 3560.51 9002.61 7553.64 6338.18 5467.02 871.164 2033.39 1215.45 1448.97 926.512 3433.63 2098.56 1211.81
internal_count=2020 612 1408 1157 982 858 124 319 175 251 133 539 351 213
is_linear=0
shrinkage=0.03


Tree=41
num_leaves=15
num_cat=0
split_feature=6 7 7 7 7 7 6 7 7 6 7 2 1 1
split_gain=21.9456 8.31258 7.80645 4.44649 4.9786 5.99353 7.28396 3.79941 3.89934 3.81745 4.58978 4.15533 3.79454 3.56488
threshold=1112.5000000000002 1267.5000000000002 1337.5000000000002 1068.7500000000002 1106.2500000000002 1155.0000000000002 1210.0000000000002 1066.2500000000002 1071.2500000000002 1091.2500000000002 1112.5000000000002 1.0450000000000002 1.7750000000000001 4.1000000000000005
decision_type=2 2 2 2 2 2 2 2 2 2 2 8 8 8
left_child=2 3 7 -2 -5 6 -6 -1 -9 10 11 -10 -3 -7
right_child=1 12 -4 4 5 13 -8 8 9 -11 -12 -13 -14 -15
leaf_value=0.0013387968541393922 0.0033659868024526829 -0.0034275579967728907 -0.0059623664433373124 -0.00016220259299024761 0.0021344614011945865 0.00066050898808487203 0.0080784828501901159 -0.0048964686795447045 0.0030243393653286892 0.00014025940790323482 -0.0025357168075969324 -0.0016443462325517761 7.8698933195432588e-05 0.0036292199210444433
leaf_weight=498.8804144859314 1003.6386184692383 434.17606592178345 322.32097387313843 1677.5976819992065 591.82643413543701 2304.2706689834595 270.28154039382935 272.97023439407349 289.58985567092896 1312.6903977394104 2072.506618976593 421.02998399734497 771.2206859588623 432.34714555740356
leaf_count=79 139 79 65 258 90 357 38 47 49 219 358 71 128 64
internal_value=5.82441e-05 0.00109767 -0.00144088 0.00153566 0.0011875 0.00181669 0.00399799 -0.00114148 -0.00142471 -0.00119333 -0.00182234 0.000258224 -0.00118423 0.00112952
internal_weight=12675.3 7485.36 5189.99 6279.96 5276.32 3598.73 862.108 4867.67 4368.79 4095.82 2783.13 710.62 1205.4 2736.62
internal_count=2041 1153 888 946 807 549 128 823 744 697 478 120 207 421
is_linear=0
shrinkage=0.03


Tree=42
num_leaves=15
num_cat=0
split_feature=6 7 7 6 6 4 7 7 0 0 3 3 4 3
split_gain=17.2142 8.38048 7.78667 6.30087 5.51384 8.94622 5.3845 3.81832 3.74134 3.55733 3.06313 2.67124 4.07629 3.09127
threshold=1091.2500000000002 1267.5000000000002 1183.7500000000002 1277.5000000000002 1362.5000000000002 1.3770000000000002 1066.2500000000002 1112.5000000000002 3.1666666666666674 2.8333333333333335 1.4500000000000002 1.4500000000000002 1.1145000000000003 1.7083333333333337
decision_type=2 2 2 2 2 10 2 2 10 10 8 8 10 10
left_child=2 3 -1 6 5 -5 9 10 -3 -2 -8 -9 -13 -14
right_child=1 8 -4 4 -6 -7 7 11 -10 -11 -12 12 13 -15
leaf_value=-0.00042532351509411934 0.0054553521778059723 -0.0019755643854598754 -0.0032586255316556026 0.0013062587828421225 0.00036806572035834816 0.0076778322311239584 0.00061043709120017526 0.00020093396685096058 0.0018604989764022513 0.0015584224557898007 -0.0017001565534407838 0.0038885295066604922 0.0033576614737411874 -3.5479120312229618e-05
leaf_weight=2035.6219172477722 333.12187576293945 1197.9574637413025 1528.4905486106873 375.83735227584839 404.83112144470215 419.92627477645874 1052.3603320121765 1561.7452573776245 282.84900188446045 574.25927352905273 1013.8358597755432 611.62279319763184 331.95983600616455 888.16639041900635
leaf_count=341 47 212 275 56 58 58 167 249 45 81 158 95 51 137
internal_value=0.000125531 0.000821115 -0.0016404 0.00122498 0.00321846 0.00466855 0.000849083 0.000493423 -0.00124284 0.00298908 -0.000523319 0.00111249 0.00188968 0.000887693
internal_weight=12612.6 9048.47 3564.11 7567.67 1200.59 795.764 6367.07 5459.69 1480.81 907.381 2066.2 3393.49 1831.75 1220.13
internal_count=2030 1414 616 1157 172 114 985 857 257 128 325 532 283 188
is_linear=0
shrinkage=0.03


Tree=43
num_leaves=15
num_cat=0
split_feature=6 7 7 7 0 6 7 7 1 2 2 0 6 0
split_gain=18.4145 7.45082 6.61504 4.6456 3.80357 3.06418 2.96354 3.52044 3.13111 2.60281 4.45721 3.18297 2.51348 2.5031
threshold=1112.5000000000002 1337.5000000000002 1292.5000000000002 1055.0000000000002 3.4166666666666674 1021.2500000000001 1106.2500000000002 1155.0000000000002 4.1000000000000005 2.1550000000000007 1.5630000000000004 2.5833333333333335 1167.5000000000002 1.5833333333333337
decision_type=2 2 2 2 8 2 2 2 10 8 10 10 2 10
left_child=1 5 3 -2 9 -1 -6 -8 -9 10 -5 -12 13 -4
right_child=2 -3 12 4 6 -7 7 8 -10 -11 11 -13 -14 -15
leaf_value=-0.0038845672753612492 0.0035944792981046718 -0.0060924784968041622 -0.0027728575488112231 0.00094467271002604298 0.00032278191847051488 -0.0010066821263511323 0.0050618623164844492 0.00040153934452210731 0.0040493176878213704 0.0020784956153258945 -5.7166049363128725e-05 -0.0030020501546157699 -0.0038910440035657698 0.0011383568567392465
leaf_weight=359.57531404495239 637.57168292999268 299.82689952850342 252.37734985351562 1895.5662536621094 660.30057907104492 4500.7957301139832 417.84778499603271 578.46545743942261 334.09200429916382 655.62936735153198 776.25975942611694 575.00691986083984 288.91978311538696 353.58129930496216
leaf_count=64 85 61 46 298 99 759 60 88 49 96 120 89 51 60
internal_value=-0.000126169 -0.00150272 0.000830424 0.00116188 0.000898698 -0.00121959 0.00196581 0.00278126 0.00173701 0.00035435 6.19508e-06 -0.00131031 -0.00158849 -0.000490635
internal_weight=12585.8 5160.2 7425.62 6530.74 5893.17 4860.37 1990.71 1330.41 912.557 3902.46 3246.83 1351.27 894.878 605.959
internal_count=2025 884 1141 984 899 823 296 197 137 603 507 209 157 106
is_linear=0
shrinkage=0.03


Tree=44
num_leaves=15
num_cat=0
split_feature=6 7 7 6 6 4 1 7 6 7 5 1 6 0
split_gain=19.9675 8.57781 7.56506 4.69456 3.50575 6.03646 3.11288 3.08335 3.77191 3.61039 4.49977 2.88032 2.85333 2.69368
threshold=1112.5000000000002 1292.5000000000002 1337.5000000000002 1277.5000000000002 1362.5000000000002 1.6930000000000003 4.2666666666666675 1068.7500000000002 1146.2500000000002 1205.0000000000002 4.6500000000000012 2.5500000000000003 1036.2500000000002 3.1666666666666674
decision_type=2 2 2 2 2 10 10 2 2 2 2 10 2 10
left_child=2 3 6 7 5 -5 12 8 -2 13 -11 -3 -1 -9
right_child=1 11 -4 4 -6 -7 -8 9 -10 10 -12 -13 -14 -15
leaf_value=-0.0037140824392681245 0.005061654061358333 -0.0027815369327197199 -0.0059620959684262287 0.0022225893604594631 0.00072545112193150916 0.0073984398067289004 0.00084548826728008753 -0.00047073961433655219 0.0009475208494238123 0.0043772974216215758 0.00056257138705434722 0.0010134082202628071 -0.0011681107133106835 0.0012784030974198593
leaf_weight=442.61727619171143 341.19581460952759 663.58412551879883 312.23899078369141 583.52297687530518 430.13477611541748 310.81810092926025 617.4154052734375 2181.3539671897888 486.5863733291626 466.92954635620117 688.86870098114014 246.99943923950195 3775.825403213501 1244.4391088485718
leaf_count=79 46 120 64 86 62 42 101 341 69 71 109 40 640 188
internal_value=8.01468e-06 0.000980662 -0.00143627 0.00135021 0.00295101 0.0040214 -0.00114405 0.000958251 0.00264329 0.000653806 0.00210368 -0.00175214 -0.00143525 0.000164647
internal_weight=12792.5 7644.43 5148.1 6733.85 1324.48 894.341 4835.86 5409.37 827.782 4581.59 1155.8 910.584 4218.44 3425.79
internal_count=2058 1174 884 1014 190 128 820 824 115 709 180 160 719 529
is_linear=0
shrinkage=0.03


end of trees

feature_importances:
str_def=197
o_str_att=120
o_xg_r5=70
saves_r5=65
t_xgc_r5=51
saves_r3=43
o_gf_r5=42
cost=42

parameters:
[boosting: gbdt]
[objective: poisson]
[metric: poisson]
[tree_learner: serial]
[device_type: cpu]
[data_sample_strategy: bagging]
[data: ]
[valid: ]
[num_iterations: 1500]
[learning_rate: 0.03]
[num_leaves: 15]
[num_threads: 0]
[seed: 0]
[deterministic: 0]
[force_col_wise: 0]
[force_row_wise: 0]
[histogram_pool_size: -1]
[max_depth: -1]
[min_data_in_leaf: 40]
[min_sum_hessian_in_leaf: 0.001]
[bagging_fraction: 0.9]
[pos_bagging_fraction: 1]
[neg_bagging_fraction: 1]
[bagging_freq: 1]
[bagging_seed: 3]
[bagging_by_query: 0]
[feature_fraction: 0.9]
[feature_fraction_bynode: 1]
[feature_fraction_seed: 2]
[extra_trees: 0]
[extra_seed: 6]
[early_stopping_round: 0]
[early_stopping_min_delta: 0]
[first_metric_only: 0]
[max_delta_step: 0.7]
[lambda_l1: 0]
[lambda_l2: 0]
[linear_lambda: 0]
[min_gain_to_split: 0]
[drop_rate: 0.1]
[max_drop: 50]
[skip_drop: 0.5]
[xgboost_dart_mode: 0]
[uniform_drop: 0]
[drop_seed: 4]
[top_rate: 0.2]
[other_rate: 0.1]
[min_data_per_group: 100]
[max_cat_threshold: 32]
[cat_l2: 10]
[cat_smooth: 10]
[max_cat_to_onehot: 4]
[top_k: 20]
[monotone_constraints: ]
[monotone_constraints_method: basic]
[monotone_penalty: 0]
[feature_contri: ]
[forcedsplits_filename: ]
[refit_decay_rate: 0.9]
[cegb_tradeoff: 1]
[cegb_penalty_split: 0]
[cegb_penalty_feature_lazy: ]
[cegb_penalty_feature_coupled: ]
[path_smooth: 0]
[interaction_constraints: ]
[verbosity: -1]
[saved_feature_importance_type: 0]
[use_quantized_grad: 0]
[num_grad_quant_bins: 4]
[quant_train_renew_leaf: 0]
[stochastic_rounding: 1]
[linear_tree: 0]
[max_bin: 255]
[max_bin_by_feature: ]
[min_data_in_bin: 3]
[bin_construct_sample_cnt: 200000]
[data_random_seed: 1]
[is_enable_sparse: 1]
[enable_bundle: 1]
[use_missing: 1]
[zero_as_missing: 0]
[feature_pre_filter: 1]
[pre_partition: 0]
[two_round: 0]
[header: 0]
[label_column: ]
[weight_column: ]
[group_column: ]
[ignore_column: ]
[categorical_feature: ]
[forcedbins_filename: ]
[precise_float_parser: 0]
[parser_config_file: ]
[objective_seed: 5]
[num_class: 1]
[is_unbalance: 0]
[scale_pos_weight: 1]
[sigmoid: 1]
[boost_from_average: 1]
[reg_sqrt: 0]
[alpha: 0.9]
[fair_c: 1]
[poisson_max_delta_step: 0.7]
[tweedie_variance_power: 1.5]
[lambdarank_truncation_level: 30]
[lambdarank_norm: 1]
[label_gain: ]
[lambdarank_position_bias_regularization: 0]
[eval_at: ]
[multi_error_top_k: 1]
[auc_mu_weights: ]
[num_machines: 1]
[local_listen_port: 12400]
[time_out: 120]
[machine_list_filename: ]
[machines: ]
[gpu_platform_id: -1]
[gpu_device_id: -1]
[gpu_device_id_list: ]
[gpu_use_dp: 0]
[num_gpu: 1]

end of parameters

pandas_categorical:[]
